4_months	6_months	12_months	18_months	24_months
chr1.10512610.-	14	1	0	0	0
chr1.109081437.-	1	0	0	0	0
chr1.109791610.-	55	18	0	0	0
chr1.11173226.-	1	0	0	0	0
chr1.11736980.-	5	0	0	0	0
chr1.12522932.-	1	0	0	0	0
chr1.150365500.-	13	9	0	1	0
chr1.150610771.-	2	3	0	0	0
chr1.151381537.-	4	6	1	1	1
chr1.153945508.-	14	3	3	3	2
chr1.155251183.-	1	1	0	0	0
chr1.155968346.-	23	19	0	1	0
chr1.159010727.-	8	25	3	0	0
chr1.169667470.-	1	0	0	0	0
chr1.173429951.-	1	0	0	0	0
chr1.183895158.-	21	9	1	0	0
chr1.192565776.-	16	42	3	3	3
chr1.207309108.-	2	0	0	0	0
chr1.211619542.-	1	0	0	0	0
chr1.234746723.-	2	0	0	0	0
chr1.246577109.-	4	20	0	1	0
chr1.25033810.-	71	31	0	3	1
chr1.25120211.-	1	0	0	0	0
chr1.25465381.-	8	21	0	2	0
chr1.26285129.-	2	0	0	0	0
chr1.27669787.-	23	7	1	0	3
chr1.28648567.-	1	1	0	0	0
chr1.32733193.-	1	0	0	0	0
chr1.37846421.-	2	1	0	2	0
chr1.39198106.-	2	1	0	0	0
chr1.41242932.-	1	29	0	1	0
chr1.42932384.-	3	1	0	0	0
chr1.44722777.-	33	22	6	3	1
chr1.51569221.-	23	11	0	0	0
chr1.78618875.-	5	240	17	32	17
chr1.8428457.-	2	5	0	1	0
chr1.8428788.-	1	0	0	0	0
chr1.89693178.-	6	5	0	0	0
chr1.107899874.+	94	88	3	3	4
chr1.113812807.+	28	24	0	2	0
chr1.113859143.+	9	2	0	0	0
chr1.115977622.+	1	1	0	0	0
chr1.146006930.+	4	0	0	0	0
chr1.148158481.+	1	24	2	0	2
chr1.148977859.+	10	4	0	2	1
chr1.154730225.+	6	3	0	0	0
chr1.160541184.+	2	1	0	0	0
chr1.161338983.+	1	0	0	0	0
chr1.169696887.+	3	3	0	0	0
chr1.183904806.+	27	8	4	6	3
chr1.207414323.+	4	1	0	0	0
chr1.235337002.+	2	0	0	0	0
chr1.246572952.+	14	9	0	0	0
chr1.24666596.+	1	0	0	0	0
chr1.26531033.+	9	8	0	0	0
chr1.27526850.+	1	0	0	0	0
chr1.28417304.+	1	1	0	0	0
chr1.31888596.+	1	0	0	0	0
chr1.32249336.+	2	0	0	0	0
chr1.32816145.+	5	3	0	0	0
chr1.39205574.+	10	9	2	0	2
chr1.44826901.+	3	0	0	0	0
chr1.69573641.+	1	66	6	2	0
chr1.78143628.+	13	14	0	0	0
chr1.78618882.+	119	70	8	7	2
chr1.85994324.+	3	2	0	0	0
chr1.89065803.+	9	29	0	1	0
chr1.89949382.+	1	0	0	0	0
chr1.93729876.+	1	0	0	0	0
chr1.93879616.+	11	14	0	2	0
chr1.94092146.+	21	13	0	0	2
chr1.97851375.+	2	4	0	0	1
chr10.100268900.-	24	9	0	0	0
chr10.110867465.-	2	0	0	0	0
chr10.114692027.-	9	7	0	1	0
chr10.12338332.-	1	2	0	0	0
chr10.131898178.-	11	11	0	0	0
chr10.19861267.-	1	0	0	0	0
chr10.212273.-	1	0	0	0	0
chr10.21511138.-	69	55	2	3	2
chr10.26440350.-	16	25	0	1	1
chr10.26484005.-	2	1	1	0	0
chr10.4452982.-	1	1	0	0	0
chr10.61575238.-	41	23	1	2	0
chr10.6475352.-	2	1	0	0	0
chr10.6926766.-	1	2	0	0	0
chr10.6927968.-	38	30	0	5	3
chr10.70779473.-	24	28	3	0	0
chr10.943640.-	1	0	0	0	0
chr10.96673210.-	204	96	6	12	17
chr10.98134835.-	2	1	0	0	1
chr10.988491.-	39	68	4	7	9
chr10.100229208.+	2	2	0	0	0
chr10.102118608.+	1	0	0	0	0
chr10.119516996.+	8	3	0	0	0
chr10.12186388.+	1	2	0	0	0
chr10.13293569.+	1	0	0	0	0
chr10.21529722.+	4	4	3	0	0
chr10.27553017.+	1	0	0	0	0
chr10.3465316.+	1	0	0	0	0
chr10.48469212.+	5	5	0	1	0
chr10.52867117.+	1	0	0	0	0
chr10.53157176.+	1	0	0	0	0
chr10.6922735.+	21	15	0	0	1
chr10.7148304.+	14	7	0	0	0
chr10.71751817.+	1	3	0	0	0
chr10.74168432.+	4	1	1	0	0
chr10.75610831.+	125	63	3	16	10
chr10.92544113.+	2	0	0	0	0
chr10.92846937.+	2	0	0	0	0
chr11.102475957.-	1	0	0	0	0
chr11.110808877.-	28	47	0	1	4
chr11.115986423.-	1	1	0	0	0
chr11.116853079.-	5	0	0	0	0
chr11.116980877.-	10	3	0	0	0
chr11.118213795.-	7	7	0	1	0
chr11.118215505.-	2	0	0	0	0
chr11.121484063.-	1	0	0	0	0
chr11.32958465.-	1	0	0	0	0
chr11.33927576.-	6	4	0	0	0
chr11.33929909.-	1	1	0	0	0
chr11.42572265.-	2	0	0	0	0
chr11.49065086.-	1	0	0	0	0
chr11.64857610.-	1	1	0	0	0
chr11.65927324.-	4	0	0	0	0
chr11.65928657.-	6	0	0	0	0
chr11.68010100.-	1	0	0	0	0
chr11.68379121.-	11	3	0	0	0
chr11.68750581.-	15	6	1	0	0
chr11.73143752.-	18	18	0	3	0
chr11.73521550.-	4	3	0	0	0
chr11.78349380.-	3	1	0	0	0
chr11.95371625.-	3	3	0	0	0
chr11.96338675.-	9	4	0	0	0
chr11.101008745.+	3	0	0	0	0
chr11.102312642.+	60	73	2	5	7
chr11.10640902.+	8	5	0	2	0
chr11.118169005.+	1	0	0	0	0
chr11.119169239.+	20	7	0	0	0
chr11.122697208.+	3	0	0	0	0
chr11.122817760.+	7	3	1	2	0
chr11.128340548.+	8	7	0	0	0
chr11.130244615.+	22	23	5	4	3
chr11.20361741.+	26	11	2	0	0
chr11.3379639.+	2	1	0	0	0
chr11.39371181.+	3	2	0	0	0
chr11.45827714.+	1	0	0	0	0
chr11.46343370.+	51	16	0	0	0
chr11.47269370.+	1	1	0	0	0
chr11.57565922.+	1	0	0	0	0
chr11.61036809.+	1	2	0	0	0
chr11.62601037.+	3	0	0	0	0
chr11.64306963.+	1	0	0	0	0
chr11.65420670.+	75	29	12	11	9
chr11.65894261.+	5	7	0	0	0
chr11.65927747.+	2	1	0	0	0
chr11.66545498.+	4	1	0	0	0
chr11.6747004.+	3	0	0	0	0
chr11.67651528.+	15	2	0	4	0
chr11.72809272.+	1	0	0	0	0
chr11.844331.+	2	0	0	0	0
chr11.86302431.+	3	2	0	0	0
chr12.104580667.-	1	2	0	0	0
chr12.108613270.-	1	0	0	0	0
chr12.110004755.-	1	0	0	0	0
chr12.110624765.-	1	0	0	0	0
chr12.111433847.-	19	8	1	1	0
chr12.120848237.-	2	1	0	0	0
chr12.121686118.-	18	17	2	0	1
chr12.121808939.-	1	0	0	0	0
chr12.122888803.-	8	4	0	0	0
chr12.124881087.-	1	1	0	0	0
chr12.13156301.-	2	4	0	0	0
chr12.14256522.-	2	1	0	0	0
chr12.14957379.-	6	3	0	0	0
chr12.14981716.-	6	1	0	0	0
chr12.15570806.-	34	19	0	0	0
chr12.1662871.-	2	0	0	0	0
chr12.19361441.-	1	0	0	0	0
chr12.32391653.-	1	1	0	0	0
chr12.45728305.-	16	41	1	1	2
chr12.47811958.-	11	13	0	0	0
chr12.49019309.-	6	4	1	0	0
chr12.50922821.-	5	3	0	0	0
chr12.51322147.-	1	1	0	0	0
chr12.54303228.-	3	6	0	0	0
chr12.55929833.-	7	3	1	0	0
chr12.66829963.-	142	112	3	2	5
chr12.6950850.-	4	0	0	0	0
chr12.7678372.-	1	0	0	0	0
chr12.92166180.-	16	36	0	3	1
chr12.9870467.-	12	5	1	0	0
chr12.9995784.-	15	5	0	0	1
chr12.104478752.+	12	3	0	0	0
chr12.108567714.+	5	2	0	0	0
chr12.108633584.+	7	34	7	1	1
chr12.108692330.+	3	1	0	0	0
chr12.116359838.+	20	2	0	0	1
chr12.11799765.+	2	5	0	0	0
chr12.118237131.+	2	0	0	0	0
chr12.118320763.+	8	2	0	0	0
chr12.120707835.+	1	1	0	0	0
chr12.121969216.+	54	21	0	1	2
chr12.123744708.+	3	2	0	0	0
chr12.130025205.+	1	0	0	0	0
chr12.132444628.+	1	2	1	0	0
chr12.14960479.+	40	25	1	0	0
chr12.27016299.+	1	2	0	0	0
chr12.29165192.+	1	0	0	0	0
chr12.31659500.+	13	3	1	0	0
chr12.32532761.+	5	6	0	0	1
chr12.32589044.+	8	4	0	0	0
chr12.4290048.+	2	0	0	0	0
chr12.47707451.+	2	0	0	0	0
chr12.54303665.+	13	5	0	0	1
chr12.54307731.+	35	23	2	2	1
chr12.54412715.+	38	51	1	0	1
chr12.57431310.+	3	0	0	0	0
chr12.57757529.+	1	0	0	0	0
chr12.7959198.+	2	2	0	0	0
chr12.8913942.+	4	0	0	0	0
chr12.9655591.+	17	3	4	1	1
chr12.9737507.+	16	2	0	0	0
chr12.9760578.+	13	12	0	0	0
chr12.990213.+	3	0	0	0	0
chr13.21476622.-	8	4	0	0	0
chr13.26301678.-	3	3	0	0	0
chr13.43345961.-	9	14	2	0	0
chr13.44116069.-	4	3	0	0	0
chr13.45385001.-	7	1	2	0	0
chr13.48238260.-	20	6	0	0	0
chr13.48493215.-	14	5	0	0	1
chr13.49528626.-	1	4	0	0	0
chr13.49530777.-	2	0	0	0	0
chr13.50894430.-	32	6	0	1	0
chr13.51062057.-	4	7	0	0	0
chr13.52193176.-	5	2	1	0	0
chr13.77298134.-	70	94	4	0	7
chr13.87121620.-	127	67	2	13	9
chr13.95479505.-	1	1	0	0	0
chr13.97388085.-	1	0	0	0	0
chr13.99230568.-	2	1	0	0	0
chr13.106866931.+	5	1	1	0	0
chr13.110705271.+	3	1	0	0	0
chr13.110711824.+	4	0	0	0	0
chr13.21038647.+	19	19	0	0	0
chr13.30371004.+	1	0	0	0	0
chr13.44274289.+	16	13	0	1	1
chr13.45386033.+	2	4	0	1	0
chr13.46199709.+	3	2	0	1	0
chr13.48492994.+	1	3	0	0	0
chr13.48571996.+	17	9	0	2	0
chr13.50892619.+	7	5	0	1	0
chr13.50893314.+	203	90	4	18	12
chr13.52651813.+	14	13	1	0	1
chr13.71832740.+	2	1	1	0	0
chr14.102902995.-	46	12	0	3	0
chr14.103786176.-	1	0	0	0	0
chr14.20370147.-	1	0	0	0	0
chr14.38174492.-	1	0	0	0	0
chr14.49971738.-	4	1	0	0	0
chr14.51860709.-	3	2	0	0	0
chr14.55645633.-	1	0	0	0	1
chr14.62492565.-	1	1	0	0	0
chr14.63716829.-	1	0	0	0	0
chr14.64505118.-	3	1	0	0	0
chr14.65211787.-	1	0	0	0	0
chr14.67190326.-	1	0	0	0	0
chr14.73742524.-	1	2	0	0	0
chr14.76740333.-	1	0	0	0	0
chr14.77034800.-	16	3	0	0	0
chr14.81672239.-	1	0	0	0	0
chr14.84110689.-	1	2	0	0	0
chr14.89939921.-	1	0	0	0	0
chr14.92669032.-	4	2	0	1	0
chr14.101829185.+	1	2	0	0	0
chr14.101875687.+	2	3	0	0	0
chr14.102262296.+	2	0	0	0	0
chr14.103387627.+	1	0	0	0	0
chr14.105173773.+	2	2	0	0	0
chr14.23010061.+	4	1	0	0	0
chr14.35122239.+	2	0	0	0	0
chr14.35154886.+	19	6	0	1	0
chr14.35286165.+	1	1	0	0	0
chr14.49946272.+	1	0	0	0	0
chr14.49970582.+	23	10	1	8	3
chr14.50465956.+	1	0	0	0	0
chr14.54626982.+	5	1	0	0	0
chr14.64363075.+	1	0	0	0	0
chr14.75286192.+	9	3	0	0	0
chr14.76963843.+	2	0	0	0	0
chr14.77038591.+	13	9	0	0	1
chr14.89616611.+	5	5	0	1	0
chr14.95520045.+	33	19	1	0	1
chr15_KI270849v1_alt.53610.-	4	5	1	0	0
chr15_KI270905v1_alt.3553661.-	10	2	0	0	0
chr15_KI270905v1_alt.569909.-	1	0	0	0	0
chr15.20506706.-	1	0	0	0	0
chr15.25863846.-	1	1	0	0	1
chr15.31267845.-	1	1	0	0	0
chr15.40103976.-	1	0	0	0	0
chr15.41635082.-	1	1	0	0	0
chr15.44730241.-	1	1	1	0	0
chr15.54518177.-	3	1	0	0	0
chr15.66419403.-	1	0	0	0	0
chr15.68277061.-	3	2	0	0	0
chr15.69668391.-	27	6	0	0	1
chr15.73457474.-	1	0	0	0	0
chr15.74789896.-	3	2	0	0	0
chr15.75126522.-	3	1	0	0	0
chr15.78167460.-	1	0	0	0	0
chr15.82651013.-	1	0	0	0	0
chr15.82849980.-	1	6	0	1	0
chr15.85381686.-	16	3	1	1	0
chr15.85474924.-	1	1	0	0	0
chr15.85691816.-	20	13	1	0	0
chr15.90001857.-	1	0	0	0	0
chr15.90831883.-	1	2	0	0	0
chr15.99250264.-	12	5	1	1	0
chr15.19964869.+	1	0	0	0	0
chr15.42606311.+	1	2	0	0	0
chr15.44386078.+	2	0	0	0	0
chr15.56774802.+	1	0	0	0	0
chr15.66617116.+	134	53	2	4	6
chr15.67098230.+	5	1	2	0	1
chr15.78167457.+	44	24	0	2	1
chr15.82856170.+	9	4	0	0	1
chr15.91028417.+	1	9	0	0	0
chr15.92809862.+	19	18	2	2	3
chr15.94230351.+	3	4	1	0	0
chr16.10869236.-	1	1	0	0	0
chr16.11300340.-	6	2	0	1	0
chr16.12239756.-	1	0	0	0	0
chr16.12369319.-	1	0	0	0	0
chr16.18805156.-	1	4	1	0	0
chr16.21541128.-	4	3	0	0	0
chr16.23640891.-	4	3	3	0	0
chr16.23958458.-	5	2	0	0	0
chr16.29627144.-	2	0	0	0	0
chr16.30461061.-	5	2	0	0	0
chr16.30592608.-	2	6	2	0	0
chr16.3087220.-	1	0	0	0	0
chr16.3088286.-	3	0	0	0	0
chr16.3249674.-	1	0	0	0	0
chr16.3580779.-	4	3	0	0	0
chr16.56280096.-	4	1	0	0	0
chr16.57689170.-	6	7	1	1	0
chr16.66520264.-	19	5	0	0	0
chr16.68333201.-	2	1	0	0	0
chr16.68469283.-	9	3	0	0	0
chr16.69727572.-	1	0	0	0	0
chr16.70178141.-	1	0	0	0	0
chr16.71931647.-	1	0	0	0	0
chr16.81471291.-	3	1	0	1	0
chr16.84600572.-	12	5	0	0	1
chr16.88802968.-	7	2	0	0	0
chr16.88978217.-	4	4	0	0	1
chr16.1534412.+	1	2	0	0	0
chr16.17377912.+	16	6	1	0	0
chr16.20745063.+	13	8	0	0	0
chr16.21524880.+	2	4	0	0	0
chr16.21525137.+	13	12	1	2	0
chr16.2301592.+	1	0	0	0	0
chr16.23898506.+	1	1	0	0	0
chr16.3055664.+	4	2	0	0	0
chr16.3075491.+	28	19	2	1	0
chr16.48613168.+	4	5	0	0	0
chr16.50683012.+	1	0	0	0	0
chr16.57535661.+	10	11	0	0	0
chr16.58237725.+	1	0	0	0	0
chr16.66516415.+	6	45	0	5	1
chr16.70259907.+	1	0	0	0	0
chr16.74665916.+	1	0	0	0	0
chr16.74701046.+	2	0	0	0	0
chr16.79083988.+	3	2	0	0	0
chr16.81737200.+	32	14	0	0	1
chr16.84969975.+	1	0	0	0	0
chr16.85055374.+	2	1	0	0	0
chr16.87879783.+	2	4	0	0	0
chr16.88782722.+	8	6	0	0	0
chr16.9086454.+	1	0	0	0	0
chr17_GL000205v2_random.85990.+	2	1	0	0	0
chr17_KI270861v1_alt.153672.+	3	4	1	1	0
chr17.10542197.-	1	0	0	0	0
chr17.11293008.-	1	0	0	0	0
chr17.31159238.-	1	0	0	0	0
chr17.35268600.-	1	0	0	0	0
chr17.40108867.-	20	11	0	2	0
chr17.417371.-	1	0	0	0	0
chr17.43369822.-	50	43	1	5	4
chr17.47942199.-	1	1	0	0	0
chr17.48492240.-	83	31	2	3	0
chr17.48837190.-	6	3	0	0	0
chr17.50156132.-	10	2	1	0	0
chr17.57364252.-	1	0	0	1	0
chr17.57387900.-	2	0	0	0	0
chr17.57390880.-	1	0	0	0	0
chr17.57496929.-	10	10	0	0	0
chr17.58010095.-	1	0	0	0	0
chr17.58335857.-	25	8	0	0	0
chr17.59786085.-	6	0	0	1	0
chr17.62480211.-	6	15	2	0	0
chr17.65243549.-	1	0	0	0	0
chr17.69176623.-	7	8	0	0	0
chr17.70038332.-	1	0	0	0	0
chr17.7482883.-	2	4	0	1	0
chr17.76501940.-	10	2	0	1	0
chr17.76580444.-	2	1	0	0	0
chr17.78131526.-	30	21	0	0	1
chr17.78325949.-	2	0	0	0	0
chr17.81438121.-	3	5	0	0	0
chr17.81976567.-	1	0	0	0	0
chr17.81976590.-	202	87	5	15	13
chr17.82884276.-	18	31	2	3	0
chr17.9474855.-	4	3	0	0	1
chr17.10021294.+	14	9	0	0	0
chr17.1198397.+	7	5	1	0	0
chr17.1723636.+	2	4	1	0	0
chr17.17415935.+	6	0	0	0	0
chr17.39170404.+	3	3	0	1	0
chr17.39678934.+	9	9	0	0	0
chr17.41842772.+	1	0	0	0	0
chr17.42531292.+	10	1	0	0	0
chr17.43171534.+	1	0	0	0	0
chr17.44095298.+	5	1	0	0	0
chr17.45160313.+	5	0	0	0	0
chr17.55113486.+	1	0	0	0	0
chr17.57376638.+	2	0	0	0	0
chr17.59162862.+	149	71	5	17	16
chr17.59787555.+	1	0	0	0	0
chr17.61811139.+	2	1	0	0	0
chr17.64015004.+	30	21	0	2	0
chr17.76271867.+	2	0	0	0	0
chr17.76598629.+	6	6	0	0	0
chr17.7687169.+	13	5	1	0	1
chr17.77373634.+	1	0	0	0	0
chr17.77388613.+	20	17	2	2	1
chr17.7884066.+	9	5	0	0	0
chr17.80779894.+	36	21	0	1	1
chr17.8191956.+	35	16	0	1	1
chr17.82884607.+	7	4	0	0	0
chr17.83117085.+	1	0	1	0	0
chr17.9801442.+	1	0	0	0	0
chr18.12679687.-	21	14	0	0	0
chr18.12838185.-	6	1	0	0	0
chr18.2640256.-	5	2	0	0	0
chr18.41998677.-	1	0	0	0	0
chr18.5217124.-	1	0	0	0	0
chr18.58886332.-	8	6	0	1	0
chr18.59881995.-	136	60	2	4	3
chr18.60145693.-	6	7	0	0	0
chr18.74378015.-	45	21	0	2	2
chr18.77096073.-	24	18	1	0	0
chr18.13452797.+	3	4	0	0	0
chr18.3605328.+	1	0	0	1	0
chr18.41942790.+	7	11	0	0	0
chr18.5465961.+	2	0	0	0	0
chr18.55478015.+	199	98	7	12	13
chr18.63097691.+	1	0	0	0	0
chr18.63234814.+	9	6	0	0	0
chr18.63838180.+	1	0	0	0	0
chr18.74163347.+	3	1	0	0	0
chr18.77102129.+	1	0	0	0	0
chr18.77215569.+	1	0	0	0	0
chr19.11323180.-	3	2	0	0	0
chr19.1266386.-	5	3	0	0	0
chr19.12666354.-	1	2	1	0	0
chr19.13152547.-	10	4	0	0	1
chr19.13182936.-	8	0	0	0	0
chr19.17126569.-	5	0	0	0	0
chr19.17405997.-	45	31	2	1	3
chr19.18017465.-	5	5	0	0	1
chr19.2265234.-	3	19	0	0	1
chr19.3137151.-	2	1	0	0	0
chr19.3146500.-	6	0	0	1	0
chr19.35908522.-	3	0	0	0	0
chr19.41261332.-	4	5	0	0	0
chr19.50022601.-	1	0	0	0	0
chr19.5442342.-	1	0	0	0	0
chr19.6802867.-	6	3	0	0	0
chr19.8666322.-	2	4	0	0	0
chr19.12790958.+	37	20	0	0	0
chr19.13164867.+	19	7	0	1	1
chr19.1367850.+	7	8	0	0	0
chr19.13837374.+	109	47	1	3	6
chr19.14371886.+	34	21	0	1	0
chr19.18023791.+	6	2	0	0	0
chr19.18030115.+	5	1	0	0	0
chr19.18288392.+	2	1	0	0	0
chr19.1876893.+	15	6	0	2	0
chr19.1904040.+	6	3	0	0	0
chr19.2051977.+	2	0	0	0	0
chr19.2070355.+	1	0	0	0	0
chr19.28338805.+	1	0	0	0	0
chr19.28480950.+	1	0	0	0	0
chr19.3146497.+	1	0	0	0	0
chr19.3505576.+	13	5	0	0	0
chr19.35437515.+	20	11	1	0	1
chr19.39093244.+	1	0	0	0	0
chr19.41878194.+	41	20	2	1	1
chr19.44677975.+	1	0	0	0	0
chr19.48964289.+	43	24	2	0	0
chr19.51127379.+	6	9	4	1	0
chr19.6236955.+	2	0	0	0	0
chr19.8500923.+	1	0	0	0	0
chr2.101621563.-	3	4	0	0	0
chr2.105630349.-	1	0	0	0	0
chr2.111494704.-	1	3	0	0	0
chr2.111698953.-	19	12	0	2	0
chr2.132622995.-	1	0	0	0	0
chr2.143124538.-	4	1	0	0	0
chr2.157435219.-	2	1	0	0	0
chr2.157831938.-	1	0	0	0	0
chr2.174595359.-	8	5	0	0	1
chr2.191021265.-	57	41	2	0	0
chr2.191194348.-	1	1	0	0	0
chr2.200920182.-	3	4	0	0	0
chr2.201129057.-	6	0	0	0	0
chr2.219206243.-	8	42	2	4	2
chr2.231642566.-	9	3	0	0	0
chr2.231661679.-	61	33	1	0	1
chr2.237436714.-	52	27	0	0	1
chr2.25274508.-	5	248	25	31	25
chr2.26411557.-	141	104	2	4	3
chr2.30025755.-	1	0	0	0	0
chr2.42967339.-	1	0	0	0	0
chr2.42969947.-	7	7	0	0	0
chr2.43215952.-	1	0	0	0	0
chr2.45921517.-	3	2	0	0	0
chr2.56611618.-	1	0	0	0	0
chr2.58768357.-	1	7	0	0	0
chr2.6910610.-	1	0	0	0	0
chr2.69946507.-	19	8	1	0	0
chr2.75710149.-	5	5	0	1	0
chr2.85438649.-	6	3	0	0	0
chr2.87291240.-	6	2	0	0	0
chr2.87486654.-	1	0	0	0	0
chr2.96209379.-	3	0	0	0	0
chr2.9680960.-	178	65	2	11	5
chr2.9681456.-	15	10	0	0	1
chr2.111570323.+	13	22	0	0	0
chr2.112707507.+	3	3	0	0	0
chr2.113890386.+	8	2	0	0	0
chr2.11702373.+	193	74	4	10	7
chr2.11755960.+	10	6	0	0	0
chr2.125812303.+	1	0	0	0	0
chr2.126659041.+	8	6	0	0	1
chr2.127701100.+	3	1	0	0	0
chr2.130182000.+	1	1	0	0	0
chr2.136137697.+	129	109	2	9	1
chr2.141534166.+	20	11	0	0	0
chr2.142505628.+	1	0	0	0	0
chr2.143323808.+	1	0	0	0	0
chr2.152485681.+	3	2	0	0	0
chr2.16441206.+	6	8	0	0	0
chr2.167148939.+	4	2	0	0	0
chr2.173812218.+	1	0	0	0	0
chr2.174493876.+	6	2	1	0	0
chr2.176407523.+	1	0	0	0	0
chr2.177165050.+	2	2	0	0	0
chr2.178479591.+	2	66	1	4	4
chr2.180101035.+	3	1	0	0	0
chr2.181421162.+	3	1	0	0	0
chr2.189763064.+	5	3	1	0	1
chr2.191021232.+	1	0	0	0	0
chr2.200509406.+	4	3	0	0	0
chr2.200865433.+	5	2	0	0	0
chr2.213121444.+	6	6	0	0	0
chr2.218285967.+	12	3	0	0	2
chr2.226030663.+	1	0	0	0	0
chr2.230879253.+	1	0	0	0	0
chr2.28750310.+	1	0	0	0	0
chr2.28751910.+	2	0	0	0	0
chr2.36967929.+	3	2	0	0	0
chr2.47315785.+	4	0	0	0	0
chr2.49940704.+	16	22	1	1	0
chr2.54588581.+	1	0	0	0	0
chr2.55103237.+	1	2	0	0	0
chr2.58728114.+	2	0	0	0	0
chr2.58895879.+	59	31	0	4	0
chr2.6878268.+	3	0	0	0	0
chr2.7004533.+	6	11	1	1	0
chr2.74620548.+	11	7	0	0	0
chr2.8432401.+	1	0	0	0	0
chr2.84890077.+	3	1	0	0	0
chr2.85615970.+	1	0	0	0	0
chr2.8669860.+	1	0	0	0	0
chr2.87455826.+	4	4	1	0	0
chr2.96758783.+	49	17	1	3	0
chr2.9680957.+	1	0	0	0	0
chr20.2524717.-	7	17	4	3	0
chr20.32673847.-	24	16	1	0	0
chr20.35244623.-	2	0	0	0	0
chr20.35447187.-	2	1	0	0	0
chr20.4013981.-	3	0	0	0	0
chr20.48858658.-	3	0	0	0	0
chr20.53595892.-	2	1	0	0	0
chr20.53624157.-	26	8	1	1	1
chr20.53643976.-	8	3	0	0	0
chr20.53749205.-	7	7	0	0	0
chr20.57479688.-	5	2	0	0	0
chr20.57629477.-	5	0	0	0	0
chr20.588078.-	1	0	0	0	0
chr20.60046729.-	86	83	4	9	2
chr20.8602431.-	93	75	3	6	6
chr20.9161912.-	1	14	1	1	0
chr20.17970804.+	12	9	0	0	0
chr20.22162465.+	16	40	2	0	1
chr20.24376614.+	12	3	0	0	0
chr20.32672384.+	13	169	8	5	6
chr20.3404180.+	1	0	0	0	0
chr20.35769966.+	3	2	2	0	2
chr20.38611722.+	1	0	0	0	0
chr20.4013189.+	1	3	0	0	1
chr20.43765128.+	1	0	0	0	0
chr20.47509130.+	5	2	0	0	0
chr20.50484244.+	5	1	0	0	0
chr20.50746947.+	1	1	0	0	0
chr20.53641547.+	63	20	2	0	5
chr20.53678624.+	239	124	5	12	5
chr20.53752130.+	9	8	0	0	0
chr20.53754660.+	23	12	2	0	1
chr20.53879837.+	11	7	0	0	1
chr20.5653721.+	9	5	0	1	0
chr21.14483353.-	6	6	0	0	0
chr21.14543245.-	5	5	0	0	0
chr21.15274758.-	42	10	0	0	0
chr21.25934914.-	1	0	0	0	0
chr21.29171790.-	6	5	0	1	0
chr21.34893184.-	1	5	0	0	1
chr21.37235189.-	1	1	0	0	0
chr21.38793652.-	1	0	0	0	0
chr21.41923562.-	2	2	0	0	0
chr21.42063064.-	24	9	0	0	0
chr21.42188211.-	2	44	0	8	0
chr21.42502991.-	1	0	0	0	0
chr21.15731396.+	1	3	0	0	0
chr21.20590731.+	2	2	0	0	0
chr21.34965896.+	5	0	0	0	1
chr21.5103663.+	1	49	2	1	1
chr22.16600382.-	1	0	0	0	0
chr22.17629560.-	1	0	0	0	0
chr22.20393496.-	1	0	0	0	0
chr22.24141521.-	45	16	1	0	1
chr22.28802467.-	3	0	0	0	0
chr22.30605885.-	2	1	0	0	0
chr22.36386445.-	3	2	0	0	0
chr22.37267334.-	2	0	0	0	0
chr22.37282870.-	4	4	2	5	0
chr22.38400418.-	1	0	0	0	0
chr22.40059503.-	6	2	0	0	1
chr22.40215807.-	189	85	11	18	17
chr22.50192117.-	2	4	0	1	0
chr22.50309362.-	3	0	0	0	1
chr22.26316666.+	1	0	0	0	0
chr22.31216660.+	2	0	0	0	0
chr22.36376096.+	1	0	0	0	0
chr22.36542818.+	1	0	0	0	0
chr22.37281643.+	42	15	0	1	0
chr22.37281887.+	1	0	0	0	0
chr22.37485619.+	1	0	0	0	0
chr22.42382282.+	1	0	0	0	0
chr22.42443689.+	63	140	4	9	5
chr22.46004768.+	1	0	0	0	0
chr22.50084864.+	147	59	4	5	5
chr22.50086256.+	40	20	1	2	0
chr22.50538289.+	25	26	1	2	1
chr3.100089110.-	1	4	0	0	0
chr3.101828570.-	1	0	0	0	0
chr3.10198913.-	3	1	0	0	0
chr3.109338093.-	6	2	0	0	0
chr3.127801791.-	3	2	0	0	0
chr3.15030073.-	1	0	0	0	0
chr3.151238005.-	1	0	0	0	0
chr3.151873789.-	3	4	0	0	0
chr3.156818833.-	1	0	0	0	0
chr3.171290508.-	11	3	0	0	0
chr3.17323545.-	3	2	0	0	0
chr3.183343111.-	49	20	1	3	0
chr3.191259289.-	3	3	0	0	0
chr3.194683655.-	29	9	0	0	0
chr3.195259364.-	34	15	0	1	0
chr3.29353982.-	2	0	0	0	0
chr3.4500337.-	4	2	0	0	1
chr3.48685778.-	8	6	2	0	0
chr3.50228088.-	5	1	3	0	0
chr3.50235552.-	29	14	4	1	1
chr3.50338315.-	4	2	2	0	1
chr3.52054253.-	1	0	0	0	0
chr3.52282919.-	1	2	0	0	0
chr3.53269532.-	2	1	0	0	0
chr3.58350908.-	1	1	0	0	0
chr3.60606424.-	1	0	0	0	0
chr3.63991036.-	15	8	0	0	0
chr3.69325385.-	17	7	0	1	0
chr3.69370982.-	133	74	6	10	6
chr3.72309201.-	1	1	0	0	0
chr3.100105272.+	5	3	0	0	0
chr3.108089371.+	1	1	0	0	0
chr3.108242322.+	1	0	0	0	0
chr3.114942770.+	1	4	0	0	0
chr3.122565190.+	1	0	0	1	0
chr3.129627362.+	1	1	0	0	0
chr3.130850037.+	5	4	0	0	0
chr3.141411680.+	2	2	0	0	0
chr3.141486528.+	3	1	0	0	0
chr3.150547415.+	2	1	0	0	0
chr3.152192889.+	75	37	2	1	1
chr3.15799065.+	19	21	1	1	1
chr3.158357797.+	1	0	0	0	0
chr3.168048286.+	10	36	3	4	1
chr3.25667129.+	12	4	0	0	0
chr3.28171640.+	1	1	0	0	0
chr3.3191574.+	6	8	0	0	0
chr3.36908952.+	21	7	1	0	1
chr3.38150757.+	13	4	0	0	0
chr3.45552440.+	34	26	0	0	1
chr3.46695072.+	5	1	9	11	14
chr3.49239316.+	4	2	0	0	0
chr3.49345588.+	3	1	0	0	0
chr3.49417272.+	23	17	0	4	1
chr3.50622280.+	37	47	4	1	2
chr3.69084180.+	13	15	0	1	0
chr3.78559751.+	1	0	0	0	0
chr3.87823345.+	133	55	10	4	6
chr3.94462345.+	5	7	0	1	0
chr4.123421860.-	13	11	0	0	1
chr4.138023483.-	4	1	0	0	0
chr4.145880334.-	1	0	0	0	0
chr4.147706337.-	1	0	0	0	0
chr4.150865793.-	1	0	0	0	0
chr4.150997773.-	3	3	0	0	0
chr4.153441528.-	16	6	0	0	0
chr4.153664414.-	1	0	0	0	0
chr4.155675282.-	21	11	2	2	0
chr4.168319418.-	10	1	1	0	0
chr4.16894145.-	42	21	0	2	0
chr4.184684379.-	1	0	0	0	0
chr4.185178574.-	54	58	6	2	4
chr4.38663006.-	28	42	3	1	0
chr4.56821243.-	3	1	0	0	0
chr4.80073843.-	2	1	0	0	0
chr4.80185063.-	35	24	4	5	9
chr4.83387441.-	1	0	0	0	0
chr4.88845319.-	1	1	0	0	0
chr4.89889471.-	5	7	0	1	0
chr4.10690881.+	1	0	0	0	0
chr4.108450787.+	1	0	0	0	0
chr4.121265656.+	19	8	0	0	0
chr4.136112665.+	3	2	0	0	0
chr4.142644348.+	16	14	5	9	3
chr4.14992498.+	1	0	0	0	0
chr4.15761815.+	21	11	0	1	1
chr4.165326678.+	1	2	0	0	0
chr4.171032084.+	32	22	1	0	0
chr4.39030717.+	8	6	0	0	0
chr4.40198376.+	7	3	0	0	0
chr4.48202788.+	5	5	0	1	0
chr4.58867322.+	1	0	0	0	0
chr4.61987308.+	1	0	0	0	0
chr4.70842517.+	1	0	0	0	0
chr4.71006930.+	16	13	0	0	0
chr4.88377930.+	1	2	0	0	0
chr4.89493684.+	1	0	0	0	0
chr4.90148113.+	1	0	0	0	0
chr5.112341700.-	1	0	0	0	0
chr5.126777746.-	2	0	0	0	0
chr5.131263296.-	67	49	7	1	2
chr5.132047516.-	1	0	0	0	0
chr5.132468786.-	16	49	1	2	1
chr5.132495164.-	2	0	0	0	0
chr5.138081936.-	1	3	0	0	0
chr5.139389444.-	1	0	0	0	0
chr5.139393550.-	154	46	2	6	5
chr5.139662172.-	2	0	0	0	0
chr5.14155442.-	1	2	0	0	0
chr5.141849324.-	34	16	0	2	0
chr5.141969624.-	23	17	0	2	2
chr5.149345863.-	2	0	0	0	0
chr5.157110199.-	11	51	2	1	1
chr5.157177051.-	1	0	0	0	0
chr5.17682420.-	1	0	0	0	0
chr5.177507858.-	10	6	0	0	0
chr5.39076250.-	140	67	1	12	11
chr5.39176590.-	2	2	0	0	0
chr5.71034024.-	1	0	0	0	0
chr5.77232007.-	1	1	0	0	0
chr5.78485767.-	102	92	5	4	4
chr5.78485998.-	56	30	0	0	0
chr5.80256937.-	24	14	2	0	0
chr5.81421912.-	58	29	0	2	1
chr5.88733044.-	1	0	0	0	0
chr5.89212940.-	1	0	0	0	0
chr5.91378301.-	1	1	0	0	0
chr5.119340825.+	1	1	0	0	0
chr5.131357066.+	3	1	1	0	0
chr5.132468401.+	16	41	1	0	1
chr5.139387194.+	5	2	0	0	0
chr5.139706605.+	55	44	1	4	1
chr5.140846482.+	1	0	0	0	0
chr5.142133879.+	2	29	1	0	0
chr5.149952699.+	1	0	0	0	0
chr5.150081476.+	27	11	0	0	2
chr5.157263373.+	24	10	0	0	0
chr5.157858367.+	7	3	0	0	0
chr5.159459747.+	2	3	0	0	0
chr5.160798359.+	24	19	0	0	1
chr5.165670902.+	1	0	0	0	0
chr5.170298726.+	2	1	0	0	0
chr5.171601629.+	6	3	0	0	1
chr5.172108692.+	2	1	0	0	0
chr5.33713552.+	3	2	0	0	0
chr5.372901.+	7	1	0	0	0
chr5.40440921.+	3	15	0	0	1
chr5.42991597.+	7	21	0	0	0
chr5.56049785.+	11	6	0	0	0
chr5.62580070.+	57	79	4	3	1
chr5.66143742.+	1	0	0	0	0
chr5.67352205.+	3	1	0	0	0
chr5.69150385.+	1	0	0	0	0
chr5.78548572.+	3	1	0	0	0
chr5.82734784.+	1	0	0	0	0
chr5.90021890.+	1	0	0	0	0
chr5.96807626.+	1	0	0	0	0
chr6_GL000256v2_alt.4011508.-	1	1	0	0	0
chr6.11393495.-	29	12	5	4	6
chr6.116454138.-	43	27	1	1	0
chr6.116478546.-	2	0	0	0	0
chr6.142379113.-	17	12	1	0	1
chr6.144350130.-	1	0	0	0	0
chr6.147195632.-	25	9	0	0	0
chr6.149688493.-	1	0	0	0	0
chr6.15300550.-	95	93	5	6	1
chr6.156232796.-	4	5	0	0	0
chr6.166311948.-	1	0	0	0	0
chr6.168023451.-	1	0	0	0	0
chr6.17910035.-	12	59	2	3	0
chr6.23716724.-	1	0	0	0	0
chr6.37431445.-	4	3	0	0	0
chr6.41656367.-	13	87	1	3	1
chr6.56715158.-	44	103	0	9	10
chr6.57184434.-	1	0	0	0	0
chr6.106327032.+	38	24	0	0	0
chr6.106518542.+	2	3	0	0	0
chr6.111795466.+	6	1	1	0	0
chr6.119049233.+	2	0	0	0	0
chr6.12944506.+	9	1	0	0	0
chr6.131606232.+	1	0	0	0	0
chr6.135185795.+	1	2	0	0	0
chr6.135280212.+	1	1	0	0	0
chr6.136563492.+	2	3	0	0	0
chr6.138196968.+	1	0	0	0	0
chr6.146829130.+	23	16	1	1	0
chr6.156151179.+	1	1	0	0	0
chr6.158647144.+	28	24	1	1	2
chr6.158686435.+	53	26	0	1	2
chr6.22063426.+	9	9	0	0	0
chr6.23173077.+	1	0	0	0	0
chr6.25052517.+	10	3	0	0	0
chr6.25404955.+	1	0	1	0	0
chr6.26185631.+	2	1	0	0	0
chr6.2764047.+	1	0	0	0	0
chr6.34820186.+	67	24	1	2	1
chr6.41071600.+	3	1	0	0	0
chr6.44219326.+	1	0	0	0	0
chr6.46654694.+	5	0	0	0	0
chr6.90285069.+	1	2	0	0	0
chr6.95198951.+	1	1	0	0	0
chr7_KI270803v1_alt.367859.-	18	9	2	0	1
chr7.101740380.-	17	6	2	1	0
chr7.101754934.-	3	1	0	0	0
chr7.106658976.-	7	3	0	0	1
chr7.112941505.-	1	0	0	0	0
chr7.115412094.-	11	2	0	0	0
chr7.128532733.-	19	38	1	2	0
chr7.135574899.-	5	3	0	0	0
chr7.142384263.-	5	1	0	0	0
chr7.151539379.-	2	0	0	0	0
chr7.15224097.-	1	0	0	0	0
chr7.23346099.-	3	10	0	0	0
chr7.37351923.-	4	4	0	0	0
chr7.38350849.-	10	2	0	0	1
chr7.44978448.-	6	5	0	0	0
chr7.5457425.-	71	31	1	2	0
chr7.5458335.-	16	4	0	0	1
chr7.68214488.-	1	0	0	0	0
chr7.72080778.-	13	20	2	1	0
chr7.73527949.-	19	1	1	0	0
chr7.74270542.-	7	5	0	0	0
chr7.77194106.-	15	8	1	1	1
chr7.81887728.-	3	0	0	0	0
chr7.925721.-	1	1	0	0	0
chr7.94233537.-	5	5	0	0	1
chr7.99104119.-	1	0	0	0	0
chr7.10268895.+	64	28	1	1	1
chr7.116098146.+	1	1	0	0	0
chr7.130442015.+	11	4	0	1	0
chr7.131553666.+	10	9	1	0	1
chr7.134955336.+	1	0	0	0	0
chr7.142457105.+	1	5	0	0	0
chr7.1507711.+	4	0	0	0	0
chr7.154949577.+	1	0	0	0	0
chr7.155932390.+	2	1	0	0	0
chr7.157301298.+	12	3	0	0	0
chr7.1889338.+	1	0	0	0	0
chr7.26554343.+	4	1	0	0	0
chr7.37405884.+	1	2	0	0	0
chr7.38361544.+	1	0	0	0	0
chr7.48390519.+	1	7	0	0	0
chr7.5080315.+	1	0	0	0	0
chr7.5432276.+	1	0	0	0	0
chr7.5456993.+	12	6	0	0	0
chr7.5532534.+	2	0	0	0	0
chr7.6739497.+	1	1	0	0	0
chr7.72079334.+	2	0	0	0	0
chr7.74173439.+	3	1	0	0	0
chr7.80138319.+	202	128	12	7	5
chr7.80925482.+	2	2	0	1	0
chr7.88472253.+	1	0	0	0	0
chr7.92719904.+	2	0	0	0	0
chr7.94161588.+	5	5	0	1	0
chr8.101574026.-	6	4	3	0	0
chr8.107301535.-	2	0	0	0	0
chr8.107303603.-	1	1	0	0	0
chr8.107460861.-	5	8	0	0	0
chr8.107494374.-	18	54	0	1	2
chr8.109540953.-	23	10	0	0	1
chr8.11892269.-	1	0	0	0	0
chr8.123549601.-	1	1	0	0	0
chr8.133053852.-	2	57	2	5	3
chr8.143189886.-	2	22	4	1	1
chr8.14756368.-	1	0	0	0	0
chr8.19208763.-	30	13	0	1	1
chr8.27364342.-	19	20	1	1	1
chr8.28372233.-	1	0	0	0	0
chr8.30092892.-	10	3	0	0	0
chr8.59337888.-	63	29	2	0	0
chr8.65923938.-	2	1	0	0	0
chr8.74058757.-	1	0	0	0	0
chr8.78420620.-	1	0	0	0	0
chr8.80121769.-	1	1	0	0	0
chr8.83139367.-	1	1	0	0	0
chr8.96990395.-	28	22	0	1	0
chr8.99619314.-	3	2	0	0	0
chr8.120288998.+	4	1	0	1	0
chr8.120430144.+	1	0	0	0	0
chr8.142042698.+	1	2	0	0	0
chr8.143454556.+	1	0	0	0	0
chr8.16610863.+	22	12	1	0	1
chr8.17922418.+	3	0	0	0	0
chr8.22473931.+	1	0	0	0	0
chr8.22540249.+	71	25	3	0	0
chr8.35250602.+	2	0	0	0	0
chr8.42542058.+	6	10	0	0	1
chr8.49253018.+	55	24	0	5	1
chr8.58658556.+	14	4	0	0	0
chr8.58882816.+	3	43	4	2	2
chr8.6816807.+	2	2	0	0	0
chr8.69572922.+	1	0	0	0	0
chr8.70404379.+	6	0	0	0	0
chr9.104748767.-	10	3	0	0	0
chr9.109150351.-	1	0	0	0	0
chr9.113350785.-	1	3	0	0	0
chr9.120994353.-	1	0	0	0	0
chr9.123036241.-	7	2	1	0	0
chr9.124660134.-	1	1	0	0	0
chr9.125647250.-	8	2	0	0	0
chr9.128078369.-	7	4	0	1	0
chr9.128683987.-	1	0	0	0	1
chr9.128688682.-	12	2	0	0	0
chr9.129460879.-	2	1	0	0	0
chr9.130046230.-	48	27	0	3	1
chr9.131080472.-	1	0	0	0	0
chr9.136618664.-	7	1	0	0	0
chr9.136647669.-	14	44	1	5	0
chr9.136647706.-	2	1	0	0	0
chr9.20385841.-	2	0	0	0	0
chr9.36484915.-	1	0	0	0	0
chr9.37848856.-	1	0	0	0	0
chr9.40095580.-	1	0	0	0	0
chr9.68887194.-	17	17	0	0	0
chr9.76166585.-	14	5	0	1	0
chr9.7800293.-	1	2	0	0	0
chr9.83758632.-	1	0	0	0	0
chr9.94898072.-	1	0	0	0	0
chr9.9902064.-	13	1	0	0	0
chr9.99031802.-	15	13	1	1	0
chr9.105862114.+	3	7	0	0	0
chr9.114615836.+	6	5	1	0	0
chr9.123956520.+	1	1	0	0	0
chr9.124922110.+	50	68	2	6	4
chr9.124922433.+	2	6	0	0	0
chr9.124969961.+	23	6	0	0	0
chr9.126533542.+	6	4	0	0	0
chr9.128899812.+	38	13	1	0	0
chr9.129862825.+	1	1	0	0	0
chr9.129864411.+	10	4	0	0	0
chr9.15296114.+	1	1	0	0	0
chr9.3171841.+	30	23	0	0	2
chr9.3175161.+	2	0	0	0	1
chr9.33044702.+	48	25	0	0	0
chr9.3507783.+	51	99	5	5	5
chr9.35932658.+	1	1	0	0	0
chr9.5844069.+	29	31	3	0	0
chr9.5846498.+	38	16	0	1	0
chr9.71898142.+	1	1	0	0	0
chr9.74343522.+	1	0	0	0	0
chr9.76652350.+	1	0	0	0	0
chr9.76656488.+	46	26	2	0	1
chr9.77979182.+	6	5	0	0	0
chr9.89999824.+	1	0	0	0	0
chr9.91714057.+	38	27	4	3	1
chr9.92294118.+	1	0	0	0	0
chr9.93065634.+	5	4	0	0	0
chr9.9846306.+	1	0	0	0	0
chrX.109706403.-	9	11	0	1	0
chrX.12801686.-	1	0	0	0	0
chrX.129774075.-	4	1	0	1	0
chrX.130172969.-	27	52	1	3	2
chrX.13081882.-	40	13	3	0	5
chrX.136495901.-	18	5	0	0	1
chrX.136772877.-	8	5	0	1	0
chrX.154098234.-	10	49	7	3	1
chrX.154377931.-	2	2	0	0	0
chrX.15978031.-	13	3	1	0	0
chrX.18831261.-	1	0	0	0	0
chrX.19743860.-	2	0	0	0	0
chrX.24693426.-	1	0	0	0	0
chrX.39908785.-	2	0	0	1	0
chrX.44652312.-	1	0	0	0	0
chrX.47561297.-	29	30	0	1	3
chrX.105871480.+	1	0	0	0	0
chrX.121671433.+	1	0	0	0	0
chrX.124378731.+	8	12	0	0	0
chrX.124383173.+	58	88	2	2	1
chrX.12958472.+	7	2	0	0	0
chrX.13240120.+	14	8	0	2	0
chrX.13417074.+	1	0	0	0	0
chrX.136744367.+	11	5	0	0	0
chrX.140951953.+	1	0	0	0	0
chrX.153974614.+	63	25	3	1	0
chrX.44542701.+	21	10	1	0	0
chrX.79096944.+	50	11	0	1	0
chrX.79154261.+	9	4	0	0	0
chrX.82758278.+	170	85	2	17	10
chrY.17484006.+	1	0	0	0	0
chr1.108610817.-	0	1	0	0	0
chr1.108644389.-	0	6	0	0	0
chr1.112394008.-	0	1	0	0	0
chr1.120122516.-	0	1	0	0	0
chr1.145284732.-	0	1	0	0	0
chr1.147047110.-	0	1	0	0	0
chr1.151285551.-	0	1	0	0	0
chr1.155307953.-	0	75	46	46	20
chr1.186839380.-	0	6	0	0	0
chr1.198668727.-	0	1	0	0	0
chr1.203470976.-	0	1	0	0	0
chr1.203673497.-	0	1	0	0	0
chr1.206012780.-	0	3	2	1	2
chr1.209455697.-	0	1	0	0	0
chr1.230270111.-	0	18	2	1	0
chr1.231973204.-	0	1	0	0	0
chr1.23635684.-	0	2	1	0	1
chr1.248858642.-	0	1	0	0	0
chr1.32556340.-	0	1	0	0	0
chr1.41772440.-	0	2	1	0	0
chr1.42528048.-	0	1	0	0	0
chr1.42673878.-	0	3	0	1	1
chr1.45838282.-	0	1	0	0	0
chr1.61639891.-	0	1	0	0	0
chr1.9645415.-	0	11	0	1	1
chr1.149177611.+	0	1	0	0	0
chr1.153967051.+	0	1	0	0	0
chr1.155129043.+	0	11	0	1	0
chr1.155593183.+	0	1	0	0	0
chr1.156258196.+	0	2	0	2	0
chr1.15974728.+	0	1	0	0	0
chr1.17519670.+	0	1	0	0	0
chr1.180887032.+	0	1	0	0	0
chr1.19200470.+	0	1	0	0	0
chr1.204495423.+	0	1	1	1	1
chr1.211258181.+	0	9	0	0	1
chr1.212469551.+	0	1	0	0	0
chr1.220346429.+	0	1	0	0	0
chr1.223272107.+	0	1	0	0	0
chr1.236286518.+	0	1	0	0	0
chr1.24376236.+	0	1	0	0	0
chr1.246781721.+	0	1	0	0	0
chr1.24692137.+	0	1	0	0	0
chr1.26542818.+	0	2	0	2	0
chr1.26695052.+	0	6	4	4	0
chr1.31957460.+	0	1	11	22	17
chr1.33281886.+	0	14	1	1	0
chr1.37471876.+	0	1	0	0	0
chr1.41738840.+	0	1	0	0	0
chr1.45523296.+	0	1	0	0	0
chr1.46367909.+	0	1	0	0	0
chr1.54734250.+	0	1	0	0	0
chr1.6132986.+	0	1	0	0	0
chr1.84692627.+	0	16	0	3	0
chr1.89196917.+	0	1	12	19	12
chr1.92461470.+	0	14	1	2	3
chr10.104001900.-	0	1	0	0	0
chr10.114824499.-	0	29	5	3	0
chr10.125912773.-	0	1	0	0	0
chr10.12727949.-	0	1	0	0	0
chr10.127718502.-	0	1	0	0	0
chr10.14892914.-	0	1	0	0	0
chr10.29260647.-	0	1	0	0	0
chr10.32347366.-	0	2	0	0	0
chr10.32447076.-	0	1	0	0	0
chr10.48468574.-	0	96	38	30	20
chr10.75610834.-	0	2	0	0	0
chr10.87300.-	0	1	0	0	0
chr10.88120731.-	0	12	0	0	0
chr10.110097909.+	0	1	0	0	0
chr10.112415353.+	0	1	0	0	0
chr10.119135260.+	0	1	0	0	0
chr10.124773458.+	0	1	0	0	0
chr10.131898175.+	0	1	0	0	0
chr10.17428172.+	0	2	3	0	0
chr10.19638580.+	0	1	0	0	0
chr10.25062097.+	0	1	0	0	0
chr10.30484418.+	0	1	0	0	0
chr10.3465479.+	0	1	0	0	0
chr10.36758418.+	0	1	0	0	0
chr10.71048313.+	0	1	0	0	0
chr11.118438213.-	0	7	1	0	0
chr11.12224215.-	0	1	0	1	3
chr11.129951910.-	0	1	0	2	1
chr11.17899744.-	0	1	0	0	0
chr11.36361850.-	0	9	1	4	4
chr11.47060422.-	0	2	0	0	0
chr11.5689542.-	0	1	0	0	0
chr11.57518392.-	0	1	0	0	0
chr11.59488840.-	0	1	0	0	0
chr11.73255916.-	0	1	0	0	0
chr11.73324015.-	0	1	0	0	0
chr11.75340404.-	0	5	2	0	0
chr11.75509815.-	0	1	0	0	0
chr11.126217540.+	0	1	0	0	0
chr11.130243301.+	0	1	0	0	0
chr11.18587583.+	0	12	0	0	2
chr11.60241158.+	0	1	0	0	0
chr11.66942928.+	0	1	0	0	0
chr11.68328319.+	0	1	0	6	2
chr11.72628484.+	0	1	0	0	0
chr11.76952892.+	0	1	0	0	0
chr11.96215991.+	0	1	0	0	0
chr12.108666951.-	0	17	0	0	3
chr12.110861669.-	0	2	0	0	0
chr12.116636252.-	0	5	0	0	0
chr12.11892131.-	0	2	0	0	0
chr12.120437702.-	0	2	0	0	0
chr12.127576902.-	0	1	0	0	0
chr12.16346732.-	0	1	0	0	0
chr12.18209270.-	0	1	0	0	0
chr12.25351719.-	0	1	0	0	0
chr12.27897789.-	0	1	0	0	0
chr12.38871842.-	0	2	0	0	0
chr12.48148799.-	0	1	0	0	0
chr12.57896923.-	0	5	0	0	0
chr12.62264316.-	0	1	0	0	0
chr12.68649915.-	0	1	0	0	0
chr12.71685501.-	0	1	0	0	0
chr12.93784214.-	0	1	0	0	0
chr12.96209111.-	0	1	0	0	0
chr12.9732181.-	0	30	5	8	2
chr12.116538647.+	0	4	0	0	0
chr12.118314782.+	0	4	0	1	0
chr12.14962802.+	0	9	0	0	1
chr12.24975141.+	0	1	0	0	0
chr12.27102195.+	0	1	0	0	0
chr12.45215968.+	0	2	0	0	0
chr12.65279601.+	0	1	0	0	0
chr12.6812591.+	0	1	0	0	0
chr12.88434726.+	0	9	0	1	0
chr12.94123673.+	0	1	0	0	0
chr12.94985870.+	0	1	0	0	0
chr13.103162970.-	0	1	0	0	0
chr13.19884486.-	0	1	0	0	0
chr13.28119838.-	0	1	0	0	0
chr13.40734689.-	0	1	0	0	0
chr13.48571999.-	0	1	0	0	0
chr13.49620365.-	0	4	1	0	0
chr13.71613646.-	0	1	0	0	0
chr13.77767155.-	0	1	0	0	0
chr13.84299807.-	0	1	0	0	0
chr13.21476619.+	0	1	0	0	0
chr13.48186273.+	0	1	0	0	0
chr13.67764650.+	0	2	0	1	1
chr13.95172859.+	0	1	0	0	0
chr13.98641507.+	0	1	0	0	0
chr13.99500657.+	0	53	0	2	0
chr14.102312600.-	0	1	0	0	0
chr14.22543788.-	0	1	0	0	0
chr14.22990652.-	0	1	0	0	0
chr14.34045195.-	0	1	0	0	0
chr14.47220216.-	0	1	0	0	0
chr14.68797209.-	0	1	2	5	7
chr14.97932582.-	0	1	0	0	0
chr14.35368272.+	0	22	1	4	2
chr14.59563960.+	0	1	0	0	0
chr14.83727021.+	0	1	0	0	0
chr14.97015845.+	0	1	0	0	0
chr15.49293929.-	0	1	0	0	0
chr15.73983293.-	0	1	0	0	0
chr15.74844994.-	0	1	0	0	0
chr15.75891579.-	0	2	0	0	0
chr15.100303794.+	0	1	0	0	0
chr15.24937075.+	0	1	0	0	0
chr15.40100189.+	0	7	0	1	0
chr15.44416528.+	0	1	0	0	0
chr15.50606725.+	0	1	0	0	0
chr15.52419286.+	0	3	0	0	0
chr15.68818023.+	0	22	0	3	2
chr15.88711135.+	0	1	0	0	0
chr15.89164725.+	0	1	0	0	0
chr15.93354774.+	0	1	0	0	0
chr16_KI270853v1_alt.1966091.-	0	1	0	0	0
chr16_KI270853v1_alt.1328960.+	0	1	0	0	0
chr16_KI270853v1_alt.1733427.+	0	1	0	0	0
chr16.27403488.-	0	25	2	1	0
chr16.28187705.-	0	1	0	0	0
chr16.31550013.-	0	1	0	0	0
chr16.35395644.-	0	1	0	0	0
chr16.53097671.-	0	1	0	0	0
chr16.53108677.-	0	1	0	0	0
chr16.54051867.-	0	1	0	0	0
chr16.54868755.-	0	1	0	0	0
chr16.56296053.-	0	1	0	0	0
chr16.58648113.-	0	1	0	0	0
chr16.70310793.-	0	1	0	0	0
chr16.74798909.-	0	1	0	0	0
chr16.81791991.-	0	1	0	0	0
chr16.85483907.-	0	2	0	1	0
chr16.87341458.-	0	1	0	0	0
chr16.15670949.+	0	1	0	0	0
chr16.18404046.+	0	1	0	0	0
chr16.19702877.+	0	1	0	0	0
chr16.2009126.+	0	35	15	22	22
chr16.20909356.+	0	2	0	0	0
chr16.209236.+	0	1	0	0	0
chr16.23863120.+	0	1	0	0	0
chr16.24708394.+	0	1	0	0	0
chr16.29154010.+	0	1	0	1	0
chr16.401203.+	0	2	0	0	0
chr16.57533520.+	0	13	6	9	6
chr16.68131466.+	0	1	0	0	0
chr16.71811172.+	0	11	0	1	0
chr16.81573289.+	0	1	0	0	0
chr16.81763889.+	0	1	0	0	0
chr16.86113861.+	0	1	0	0	0
chr17.10021297.-	0	1	0	0	0
chr17.17759773.-	0	1	0	0	0
chr17.2076438.-	0	3	4	0	0
chr17.47659954.-	0	1	0	0	0
chr17.47822606.-	0	1	0	0	0
chr17.49159524.-	0	1	0	0	0
chr17.57514209.-	0	4	0	1	0
chr17.64985845.-	0	8	0	0	0
chr17.67841273.-	0	1	0	0	0
chr17.68509985.-	0	1	36	39	23
chr17.75993860.-	0	1	0	0	0
chr17.78260022.-	0	1	0	0	0
chr17.80856361.-	0	60	0	3	0
chr17.11376413.+	0	1	0	0	0
chr17.17759770.+	0	133	4	6	2
chr17.28793880.+	0	1	0	0	0
chr17.34981600.+	0	38	2	3	1
chr17.4378068.+	0	1	0	0	0
chr17.59831095.+	0	26	14	35	31
chr17.77345233.+	0	1	0	0	0
chr17.78716254.+	0	1	0	0	0
chr17.81455683.+	0	2	0	0	0
chr17.82457797.+	0	17	5	1	1
chr18.1768680.-	0	2	0	0	0
chr18.23867327.-	0	4	0	1	1
chr18.3622874.-	0	1	0	0	0
chr18.49054372.-	0	1	0	0	0
chr18.58686162.-	0	1	0	0	0
chr18.70903997.+	0	1	0	0	0
chr18.79462439.+	0	1	0	0	0
chr19.12883069.-	0	1	0	0	0
chr19.14248424.-	0	4	0	0	0
chr19.18020146.-	0	31	0	3	2
chr19.18024378.-	0	1	0	0	0
chr19.18291006.-	0	7	0	0	1
chr19.18401079.-	0	1	4	11	3
chr19.2695047.-	0	1	0	0	0
chr19.30706351.-	0	1	0	0	0
chr19.3267128.-	0	1	0	0	0
chr19.4090243.-	0	1	0	0	0
chr19.41368159.-	0	1	0	0	0
chr19.47255303.-	0	1	0	1	0
chr19.12791322.+	0	3	0	0	0
chr19.12937190.+	0	1	4	3	7
chr19.18024375.+	0	100	6	8	6
chr19.18025497.+	0	1	0	0	0
chr19.18291003.+	0	1	0	0	0
chr19.2903365.+	0	1	0	0	0
chr19.29261990.+	0	1	0	0	0
chr19.31808179.+	0	1	0	0	0
chr19.41878279.+	0	1	0	0	0
chr19.47147679.+	0	1	0	0	0
chr19.47253056.+	0	1	0	0	0
chr19.47472189.+	0	1	0	0	0
chr19.5829524.+	0	1	0	0	0
chr19.703281.+	0	1	1	1	0
chr19.7300857.+	0	1	0	0	0
chr19.8501283.+	0	3	0	0	0
chr2.100531280.-	0	1	0	0	0
chr2.107808555.-	0	1	0	0	0
chr2.112714735.-	0	1	0	0	0
chr2.127154566.-	0	1	0	0	0
chr2.143271578.-	0	1	0	0	0
chr2.144297650.-	0	1	0	0	0
chr2.147829839.-	0	1	0	0	0
chr2.164959694.-	0	1	0	0	0
chr2.177153012.-	0	1	0	0	0
chr2.24973102.-	0	3	29	45	37
chr2.27468732.-	0	1	0	0	0
chr2.29529936.-	0	3	2	0	0
chr2.32301841.-	0	1	0	0	0
chr2.34739542.-	0	1	0	0	0
chr2.37851664.-	0	3	1	1	1
chr2.39124974.-	0	11	1	0	0
chr2.43212940.-	0	22	5	0	0
chr2.61176544.-	0	1	57	52	55
chr2.68735196.-	0	7	2	3	0
chr2.68775771.-	0	1	0	0	0
chr2.79102357.-	0	3	0	0	0
chr2.100743531.+	0	1	0	0	0
chr2.101482122.+	0	1	0	0	0
chr2.105791321.+	0	1	0	0	0
chr2.122359888.+	0	1	0	0	0
chr2.126975125.+	0	22	14	41	37
chr2.128472107.+	0	1	0	1	0
chr2.144703793.+	0	1	0	0	0
chr2.191541754.+	0	1	0	0	0
chr2.201212945.+	0	2	0	0	0
chr2.219314780.+	0	1	0	0	0
chr2.229823558.+	0	1	0	0	0
chr2.229919836.+	0	1	0	0	0
chr2.239266598.+	0	13	1	1	1
chr2.25274812.+	0	1	35	39	21
chr2.42926032.+	0	1	0	0	0
chr2.53816422.+	0	1	0	0	0
chr2.64905481.+	0	11	0	0	0
chr2.68762394.+	0	18	34	42	73
chr2.75632339.+	0	1	0	0	0
chr20.10454042.-	0	72	17	40	18
chr20.10512356.-	0	1	0	1	0
chr20.14908433.-	0	1	0	0	0
chr20.3094756.-	0	7	1	1	4
chr20.3849364.-	0	1	0	0	0
chr20.4154258.-	0	3	0	0	0
chr20.49185977.-	0	1	0	0	0
chr20.55534348.-	0	1	0	0	0
chr20.9164791.-	0	4	0	1	0
chr20.1035054.+	0	4	1	2	1
chr20.10435759.+	0	86	31	39	25
chr20.36574520.+	0	9	1	5	1
chr20.3712703.+	0	1	0	0	0
chr20.37311622.+	0	1	0	0	0
chr21_GL383578v2_alt.42913.+	0	3	0	0	0
chr21.14545760.-	0	10	1	0	0
chr21.38987535.-	0	2	1	0	1
chr21.39424424.-	0	1	0	0	0
chr21.40296634.-	0	1	0	0	0
chr21.44158255.-	0	5	1	0	0
chr21.14975996.+	0	1	0	0	0
chr21.15278505.+	0	4	0	0	1
chr21.36354458.+	0	1	0	0	0
chr22.18999689.-	0	1	0	0	0
chr22.28234508.-	0	1	0	0	0
chr22.31229200.-	0	15	1	1	0
chr22.31290031.-	0	10	0	0	0
chr22.36553877.-	0	1	0	0	0
chr22.36890769.-	0	1	0	0	0
chr22.40952046.-	0	13	6	2	1
chr22.45511232.-	0	1	0	0	0
chr22.46612647.-	0	11	0	0	1
chr22.37314096.+	0	1	0	0	0
chr22.39040166.+	0	2	1	3	0
chr22.40952043.+	0	1	0	0	0
chr22.44059231.+	0	1	3	7	2
chr22.46248964.+	0	1	0	0	0
chr3.152192892.-	0	1	0	0	0
chr3.161767388.-	0	1	0	0	0
chr3.183481094.-	0	1	0	0	0
chr3.23873619.-	0	1	0	0	0
chr3.28131509.-	0	1	0	0	0
chr3.33718986.-	0	1	0	0	0
chr3.46413643.-	0	25	3	1	2
chr3.48472773.-	0	21	0	0	1
chr3.50674693.-	0	1	0	0	0
chr3.66194784.-	0	1	0	0	0
chr3.69955688.-	0	1	0	0	0
chr3.72311232.-	0	2	0	1	2
chr3.72376828.-	0	1	1	0	0
chr3.105870349.+	0	11	1	0	0
chr3.114900353.+	0	22	2	5	3
chr3.119470458.+	0	1	0	0	0
chr3.122142245.+	0	1	0	0	0
chr3.13427283.+	0	1	0	0	0
chr3.136662407.+	0	1	0	0	0
chr3.152656005.+	0	1	10	12	8
chr3.154719442.+	0	1	0	0	0
chr3.172520124.+	0	1	0	0	0
chr3.17370841.+	0	1	0	0	0
chr3.179563864.+	0	1	0	0	0
chr3.179617174.+	0	1	0	0	0
chr3.189955813.+	0	1	0	0	0
chr3.23805355.+	0	1	0	0	0
chr3.3058498.+	0	1	0	0	0
chr3.36912022.+	0	1	0	0	0
chr3.38474097.+	0	1	0	0	0
chr3.42779080.+	0	1	0	0	0
chr3.47069038.+	0	1	0	0	0
chr3.69160035.+	0	1	0	0	0
chr4.121247421.-	0	1	0	0	0
chr4.139088382.-	0	1	0	0	0
chr4.156797105.-	0	1	0	0	0
chr4.159307742.-	0	1	0	0	0
chr4.188987512.-	0	1	0	0	0
chr4.23350819.-	0	1	0	0	0
chr4.47111666.-	0	1	0	0	0
chr4.56731296.-	0	1	0	0	0
chr4.77012762.-	0	1	0	0	0
chr4.82892268.-	0	1	4	5	2
chr4.83112201.-	0	1	0	0	1
chr4.86960124.-	0	1	0	0	0
chr4.123601125.+	0	18	1	0	1
chr4.144337514.+	0	1	0	0	0
chr4.163593308.+	0	7	1	1	0
chr4.164798496.+	0	1	0	0	0
chr4.48174001.+	0	1	0	0	0
chr4.81259173.+	0	34	3	3	2
chr4.99562956.+	0	1	0	0	0
chr5.139286787.-	0	1	0	0	0
chr5.142731903.-	0	1	2	0	0
chr5.147484562.-	0	1	0	0	0
chr5.15503212.-	0	1	0	0	0
chr5.172020693.-	0	1	0	0	0
chr5.375379.-	0	1	0	0	0
chr5.376251.-	0	1	0	0	0
chr5.54065468.-	0	1	0	0	0
chr5.76272068.-	0	3	0	0	0
chr5.80780658.-	0	1	0	0	0
chr5.93650928.-	0	4	0	0	0
chr5.98952101.-	0	1	0	0	0
chr5.101592756.+	0	1	0	0	0
chr5.122076570.+	0	1	0	0	0
chr5.124993958.+	0	1	0	0	0
chr5.164356183.+	0	1	0	0	0
chr5.173383506.+	0	1	0	0	0
chr5.181262045.+	0	1	0	0	0
chr5.21090299.+	0	1	0	0	0
chr5.31386556.+	0	1	0	0	0
chr5.35319314.+	0	45	2	3	1
chr5.37592935.+	0	1	0	0	0
chr5.76372440.+	0	5	2	6	3
chr5.76547648.+	0	2	0	1	0
chr5.76622848.+	0	1	0	0	0
chr6_GL000255v2_alt.3453762.-	0	1	0	0	0
chr6_GL000255v2_alt.4591216.+	0	1	0	0	0
chr6.107773502.-	0	1	0	0	0
chr6.130514198.-	0	1	0	0	0
chr6.135323591.-	0	1	0	0	0
chr6.149483424.-	0	1	0	0	0
chr6.159463864.-	0	1	0	0	0
chr6.160984545.-	0	2	0	0	0
chr6.35045958.-	0	2	1	0	0
chr6.4986435.-	0	1	0	0	0
chr6.53026332.-	0	1	0	0	0
chr6.54845454.-	0	1	0	0	0
chr6.68958065.-	0	1	0	0	0
chr6.104498003.+	0	1	0	0	0
chr6.10521297.+	0	1	0	0	0
chr6.105999984.+	0	4	0	0	0
chr6.10644759.+	0	1	0	0	0
chr6.111403454.+	0	1	0	0	0
chr6.143451206.+	0	1	0	0	0
chr6.143672940.+	0	1	0	0	0
chr6.151144526.+	0	1	0	0	0
chr6.158583115.+	0	1	0	0	0
chr6.16468330.+	0	1	0	0	0
chr6.21465766.+	0	4	0	0	0
chr6.34272643.+	0	1	0	2	1
chr6.35727421.+	0	22	2	5	5
chr6.35875458.+	0	1	0	0	0
chr6.3802654.+	0	1	0	0	0
chr6.6653363.+	0	2	0	0	0
chr6.6722962.+	0	2	0	0	0
chr6.68741351.+	0	1	0	0	0
chr6.73575194.+	0	1	0	0	0
chr6.73617589.+	0	1	0	0	0
chr6.75791067.+	0	1	0	0	0
chr7.100128431.-	0	36	0	0	0
chr7.106878681.-	0	1	1	0	0
chr7.127414364.-	0	8	4	1	0
chr7.128980491.-	0	1	0	0	0
chr7.130125378.-	0	1	0	0	0
chr7.139680358.-	0	1	0	0	0
chr7.148606824.-	0	1	0	0	0
chr7.2510541.-	0	1	0	0	0
chr7.72289789.-	0	1	0	0	0
chr7.74480858.-	0	3	0	0	0
chr7.92698865.-	0	1	0	0	0
chr7.103289040.+	0	1	0	0	0
chr7.105678585.+	0	6	1	2	1
chr7.113642443.+	0	1	0	0	0
chr7.152542984.+	0	1	0	0	0
chr7.23296627.+	0	1	0	0	0
chr7.2405547.+	0	1	0	0	1
chr7.24549053.+	0	1	0	0	0
chr7.40039658.+	0	1	0	0	0
chr7.73521609.+	0	25	5	8	5
chr7.74211611.+	0	29	5	5	6
chr7.74659497.+	0	1	0	0	0
chr8.101055123.-	0	1	0	0	0
chr8.107071145.-	0	11	0	2	0
chr8.107319276.-	0	3	0	1	0
chr8.123367327.-	0	1	0	0	0
chr8.135179554.-	0	1	1	0	0
chr8.141246084.-	0	2	0	0	0
chr8.142669217.-	0	1	0	0	0
chr8.17045411.-	0	1	0	0	0
chr8.22842963.-	0	1	0	0	0
chr8.38805704.-	0	1	0	0	0
chr8.41532583.-	0	1	0	0	0
chr8.41866267.-	0	1	0	0	0
chr8.60513796.-	0	3	0	1	1
chr8.83040248.-	0	1	0	0	0
chr8.97783176.-	0	1	0	0	0
chr8.12545377.+	0	1	0	0	0
chr8.12757937.+	0	4	0	0	0
chr8.134048472.+	0	1	0	0	0
chr8.143189883.+	0	1	0	0	0
chr8.23230293.+	0	5	0	0	0
chr8.26543726.+	0	1	0	0	0
chr8.57401682.+	0	1	0	0	0
chr8.6691371.+	0	8	0	3	3
chr9.122006110.-	0	1	0	0	0
chr9.123071584.-	0	1	0	0	0
chr9.127857438.-	0	34	4	1	1
chr9.131255944.-	0	1	0	0	0
chr9.134066613.-	0	1	10	5	6
chr9.70438001.-	0	11	0	2	0
chr9.72069894.-	0	1	0	0	0
chr9.97612693.-	0	1	0	0	0
chr9.107669380.+	0	1	0	0	0
chr9.113720178.+	0	1	0	0	0
chr9.124217948.+	0	23	4	0	2
chr9.127857435.+	0	1	0	0	0
chr9.136326314.+	0	18	3	3	5
chr9.35637426.+	0	1	0	0	0
chr9.39389474.+	0	1	0	0	0
chr9.43408631.+	0	1	0	0	0
chr9.76643833.+	0	17	0	2	1
chr9.89498619.+	0	4	0	0	0
chr9.91531928.+	0	1	0	0	0
chrX_KI270913v1_alt.121988.-	0	1	0	0	0
chrX_KI270913v1_alt.212330.-	0	3	0	0	0
chrX.100384907.-	0	1	0	0	0
chrX.12645491.-	0	1	0	0	0
chrX.132480231.-	0	1	0	0	0
chrX.28121177.-	0	1	0	0	0
chrX.32887612.-	0	1	0	0	0
chrX.72294150.-	0	1	0	0	0
chrX.119683881.+	0	9	1	4	8
chrX.129776606.+	0	1	3	0	0
chrX.13558804.+	0	1	0	0	0
chrX.154098232.+	0	1	0	0	0
chrX.20439477.+	0	4	1	0	0
chrX.41331413.+	0	4	0	0	0
chr1_GL383520v2_alt.297624.+	0	0	2	1	1
chr1.101261448.-	0	0	9	14	22
chr1.1166808.-	0	0	3	15	12
chr1.120574323.-	0	0	1	0	0
chr1.148936070.-	0	0	1	0	0
chr1.155307198.-	0	0	1	0	0
chr1.160641422.-	0	0	2	31	32
chr1.165480490.-	0	0	1	0	0
chr1.169696685.-	0	0	3	6	6
chr1.218045960.-	0	0	1	0	0
chr1.235911778.-	0	0	1	2	0
chr1.240498267.-	0	0	6	2	5
chr1.248148073.-	0	0	1	0	0
chr1.28418729.-	0	0	3	12	9
chr1.45544769.-	0	0	1	0	0
chr1.77650160.-	0	0	1	0	0
chr1.78651600.-	0	0	4	1	1
chr1.115084909.+	0	0	1	1	1
chr1.143651041.+	0	0	1	0	0
chr1.148936619.+	0	0	2	0	0
chr1.14915135.+	0	0	1	0	0
chr1.156524486.+	0	0	9	27	17
chr1.160711472.+	0	0	3	1	1
chr1.183632287.+	0	0	1	0	0
chr1.19638934.+	0	0	1	0	0
chr1.207917434.+	0	0	5	4	3
chr1.208913804.+	0	0	1	0	0
chr1.209755863.+	0	0	3	3	2
chr1.212387914.+	0	0	1	0	0
chr1.234400866.+	0	0	2	6	3
chr1.26288097.+	0	0	22	12	20
chr1.31162140.+	0	0	1	18	8
chr1.31162386.+	0	0	1	0	0
chr1.31957498.+	0	0	1	0	0
chr1.37846439.+	0	0	7	22	10
chr1.39205106.+	0	0	11	16	22
chr1.42923981.+	0	0	2	1	1
chr1.44672289.+	0	0	3	3	1
chr1.46668824.+	0	0	5	5	3
chr1.6442135.+	0	0	2	6	2
chr1.65171513.+	0	0	1	0	0
chr1.66332604.+	0	0	12	7	10
chr1.9075044.+	0	0	34	66	94
chr1.9075625.+	0	0	1	0	0
chr10.110208707.-	0	0	13	28	23
chr10.127932439.-	0	0	1	0	0
chr10.26364415.-	0	0	1	0	0
chr10.26448578.-	0	0	6	4	5
chr10.48476121.-	0	0	1	5	2
chr10.63235807.-	0	0	2	5	12
chr10.69044092.-	0	0	9	5	7
chr10.73563722.-	0	0	1	0	0
chr10.74108712.-	0	0	1	0	0
chr10.80089462.-	0	0	1	2	0
chr10.17176319.+	0	0	1	0	2
chr10.17512428.+	0	0	4	1	1
chr10.35130432.+	0	0	4	4	0
chr10.37792560.+	0	0	1	0	0
chr10.61767391.+	0	0	6	0	2
chr10.86336943.+	0	0	1	0	0
chr11.104255808.-	0	0	1	0	0
chr11.118251144.-	0	0	11	23	15
chr11.122716601.-	0	0	6	1	1
chr11.30583073.-	0	0	1	2	0
chr11.46319190.-	0	0	4	9	2
chr11.63960971.-	0	0	1	0	0
chr11.65362085.-	0	0	1	0	0
chr11.65362995.-	0	0	1	0	0
chr11.72793313.-	0	0	2	5	1
chr11.86791541.-	0	0	5	13	7
chr11.105034593.+	0	0	1	4	1
chr11.115482456.+	0	0	1	0	0
chr11.117099261.+	0	0	2	0	2
chr11.17239054.+	0	0	1	0	0
chr11.17275981.+	0	0	1	1	0
chr11.33871753.+	0	0	6	14	11
chr11.46011223.+	0	0	1	0	0
chr11.67404155.+	0	0	29	87	122
chr11.9719911.+	0	0	1	1	1
chr12.110080077.-	0	0	1	3	1
chr12.122775323.-	0	0	4	7	6
chr12.14960025.-	0	0	1	2	0
chr12.26274681.-	0	0	1	0	0
chr12.46473459.-	0	0	3	1	0
chr12.6450750.-	0	0	1	1	1
chr12.8466831.-	0	0	1	0	0
chr12.112385684.+	0	0	1	0	0
chr12.116636855.+	0	0	1	5	4
chr12.122884989.+	0	0	3	3	7
chr12.14261572.+	0	0	1	0	0
chr12.31958889.+	0	0	1	0	0
chr12.39038771.+	0	0	1	0	0
chr12.45196447.+	0	0	1	0	0
chr12.47816237.+	0	0	1	1	0
chr12.50927050.+	0	0	2	2	0
chr12.57895511.+	0	0	2	2	1
chr12.6337045.+	0	0	15	41	35
chr12.64623564.+	0	0	48	85	73
chr12.9707952.+	0	0	1	1	4
chr13.103080367.-	0	0	1	0	0
chr13.105711721.-	0	0	1	0	0
chr13.27446970.-	0	0	1	4	0
chr13.35163790.-	0	0	1	0	0
chr13.39958436.-	0	0	5	8	2
chr13.48186767.-	0	0	2	0	0
chr13.49251070.-	0	0	3	4	1
chr13.99497027.-	0	0	3	8	6
chr13.30032898.+	0	0	1	0	0
chr13.49401883.+	0	0	1	0	1
chr13.50910471.+	0	0	9	40	84
chr14.25871778.-	0	0	1	0	0
chr14.35287758.-	0	0	1	8	9
chr14.50041020.-	0	0	4	18	17
chr14.55131071.-	0	0	1	0	0
chr14.75879026.-	0	0	1	0	0
chr14.100318048.+	0	0	3	1	5
chr14.24695121.+	0	0	3	3	0
chr14.35368222.+	0	0	3	12	9
chr14.50451489.+	0	0	1	0	0
chr14.75274548.+	0	0	1	0	0
chr14.97748490.+	0	0	3	0	0
chr15_KI270905v1_alt.1422238.+	0	0	1	0	0
chr15.23748286.-	0	0	1	0	0
chr15.45891277.-	0	0	1	0	0
chr15.78047568.-	0	0	1	0	0
chr15.78069759.-	0	0	15	23	12
chr15.90035019.-	0	0	1	4	4
chr15.92904626.-	0	0	1	5	4
chr15.97989956.-	0	0	1	0	0
chr15.34319348.+	0	0	1	0	0
chr15.46009501.+	0	0	1	0	0
chr15.58473448.+	0	0	1	0	0
chr15.74782860.+	0	0	13	21	18
chr15.90037768.+	0	0	3	4	2
chr15.91104838.+	0	0	1	0	0
chr15.94013962.+	0	0	1	0	0
chr15.98734567.+	0	0	2	4	1
chr16.1647310.-	0	0	41	65	60
chr16.17369103.-	0	0	1	1	0
chr16.1838789.-	0	0	1	0	0
chr16.27405429.-	0	0	3	9	7
chr16.27442433.-	0	0	1	0	0
chr16.29660471.-	0	0	2	3	0
chr16.29661593.-	0	0	43	96	148
chr16.3913456.-	0	0	1	0	0
chr16.12354197.+	0	0	4	1	1
chr16.1432119.+	0	0	1	0	0
chr16.1835035.+	0	0	1	0	0
chr16.20746310.+	0	0	1	2	1
chr16.2205075.+	0	0	1	2	0
chr16.29661827.+	0	0	3	10	4
chr16.30385359.+	0	0	1	0	0
chr16.3101124.+	0	0	4	5	4
chr16.47494154.+	0	0	1	1	2
chr16.68925171.+	0	0	1	0	0
chr16.75100366.+	0	0	1	0	0
chr16.76824825.+	0	0	1	0	0
chr16.82154267.+	0	0	2	11	14
chr16.85158269.+	0	0	1	10	14
chr17.19921323.-	0	0	1	0	0
chr17.28661589.-	0	0	1	21	20
chr17.32395583.-	0	0	1	0	0
chr17.5020578.-	0	0	2	4	2
chr17.55281683.-	0	0	1	2	1
chr17.57903663.-	0	0	1	0	0
chr17.59275033.-	0	0	1	2	2
chr17.64396787.-	0	0	1	0	0
chr17.64923513.-	0	0	1	0	0
chr17.64987132.-	0	0	27	70	72
chr17.67444411.-	0	0	33	67	81
chr17.76146105.-	0	0	3	2	2
chr17.77439400.-	0	0	3	14	10
chr17.82860523.-	0	0	2	20	7
chr17.82884022.-	0	0	11	21	13
chr17.16285705.+	0	0	3	0	0
chr17.32085057.+	0	0	1	0	0
chr17.67431367.+	0	0	9	22	15
chr17.67785096.+	0	0	86	129	122
chr17.69701255.+	0	0	1	0	0
chr17.75646081.+	0	0	1	2	0
chr17.80775264.+	0	0	3	31	38
chr17.81453211.+	0	0	1	0	0
chr17.82495144.+	0	0	8	1	4
chr18.2982002.-	0	0	11	9	7
chr18.3060672.-	0	0	4	3	5
chr18.67330886.-	0	0	1	0	0
chr18.75210222.-	0	0	4	11	9
chr18.76783386.-	0	0	1	0	0
chr18.5294095.+	0	0	11	22	15
chr18.62937984.+	0	0	1	6	11
chr18.67814839.+	0	0	1	0	0
chr18.77236046.+	0	0	1	0	0
chr19.10236695.-	0	0	1	1	0
chr19.15465378.-	0	0	9	8	5
chr19.1904791.-	0	0	2	14	9
chr19.22389824.-	0	0	1	0	0
chr19.24915123.-	0	0	1	0	0
chr19.24919203.-	0	0	1	0	0
chr19.38878449.-	0	0	1	6	4
chr19.47056338.-	0	0	1	0	0
chr19.47111861.-	0	0	67	167	160
chr19.11322842.+	0	0	1	1	1
chr19.16141735.+	0	0	1	17	16
chr19.20052591.+	0	0	12	17	11
chr19.33646659.+	0	0	1	0	0
chr19.35904415.+	0	0	13	10	12
chr19.35905212.+	0	0	7	17	13
chr19.46340240.+	0	0	1	0	0
chr19.57280825.+	0	0	1	0	1
chr2_GL383521v1_alt.123057.+	0	0	1	0	0
chr2.102419742.-	0	0	26	83	91
chr2.105744367.-	0	0	1	0	0
chr2.105744463.-	0	0	2	0	0
chr2.113600242.-	0	0	1	0	0
chr2.123076058.-	0	0	1	0	0
chr2.128218080.-	0	0	1	17	9
chr2.135942700.-	0	0	1	0	0
chr2.163742768.-	0	0	1	0	0
chr2.169473172.-	0	0	1	0	0
chr2.174667520.-	0	0	3	0	1
chr2.181435565.-	0	0	14	26	25
chr2.196241870.-	0	0	8	17	12
chr2.237675845.-	0	0	3	5	2
chr2.45225437.-	0	0	3	10	7
chr2.63738107.-	0	0	1	0	0
chr2.70133106.-	0	0	87	143	158
chr2.70299011.-	0	0	7	19	16
chr2.88733355.-	0	0	2	9	7
chr2.108624489.+	0	0	1	0	0
chr2.112707232.+	0	0	1	53	85
chr2.117395443.+	0	0	1	0	0
chr2.152217368.+	0	0	1	0	0
chr2.201115740.+	0	0	1	1	2
chr2.219210218.+	0	0	22	20	26
chr2.232564549.+	0	0	1	0	0
chr2.24084055.+	0	0	1	1	2
chr2.37823400.+	0	0	19	21	25
chr2.42949778.+	0	0	1	2	0
chr2.43196856.+	0	0	2	0	2
chr2.48406437.+	0	0	8	6	14
chr2.54003504.+	0	0	1	0	0
chr2.55112782.+	0	0	3	0	1
chr2.6935096.+	0	0	1	3	0
chr2.74439304.+	0	0	1	0	0
chr2.96224845.+	0	0	10	20	15
chr20.172371.-	0	0	4	1	4
chr20.23159871.-	0	0	1	6	6
chr20.3091258.-	0	0	8	10	0
chr20.3094617.-	0	0	1	0	0
chr20.32549372.-	0	0	1	0	0
chr20.3811673.-	0	0	3	5	6
chr20.38713852.-	0	0	1	0	0
chr20.4865845.-	0	0	1	0	0
chr20.62741137.-	0	0	5	3	1
chr20.17961482.+	0	0	7	52	98
chr20.32672433.+	0	0	1	0	0
chr20.41779978.+	0	0	1	0	0
chr20.53584585.+	0	0	4	1	4
chr20.62142440.+	0	0	1	0	0
chr20.63635363.+	0	0	1	6	5
chr20.8393920.+	0	0	1	7	4
chr21.33976211.-	0	0	3	0	1
chr21.22710701.+	0	0	2	1	2
chr21.30959075.+	0	0	1	0	2
chr21.39040300.+	0	0	6	17	8
chr21.42513157.+	0	0	3	4	7
chr22.23531821.-	0	0	1	0	0
chr22.30090892.-	0	0	1	0	0
chr22.31474127.-	0	0	1	0	0
chr22.35400203.-	0	0	6	5	8
chr22.37604576.-	0	0	1	0	0
chr22.40040078.-	0	0	3	0	0
chr22.49937620.-	0	0	2	32	37
chr22.20497141.+	0	0	1	0	0
chr22.28808204.+	0	0	17	13	13
chr22.38388958.+	0	0	1	0	1
chr22.39040182.+	0	0	1	0	0
chr22.39350841.+	0	0	2	12	1
chr22.40130731.+	0	0	1	0	0
chr22.46673631.+	0	0	1	1	2
chr22.46775357.+	0	0	1	2	2
chr3.100248584.-	0	0	1	0	0
chr3.102114786.-	0	0	7	2	7
chr3.102176703.-	0	0	1	1	1
chr3.126540039.-	0	0	1	0	0
chr3.183556300.-	0	0	3	3	3
chr3.190597358.-	0	0	14	30	35
chr3.195906316.-	0	0	10	12	9
chr3.32785048.-	0	0	2	0	0
chr3.47221165.-	0	0	3	9	5
chr3.50339096.-	0	0	1	0	0
chr3.55619821.-	0	0	2	2	0
chr3.9493414.-	0	0	1	0	0
chr3.10189301.+	0	0	13	23	25
chr3.108048483.+	0	0	1	0	0
chr3.108223009.+	0	0	2	24	19
chr3.112397863.+	0	0	1	11	7
chr3.12194234.+	0	0	1	1	0
chr3.12666853.+	0	0	1	0	0
chr3.127800086.+	0	0	2	1	0
chr3.141797617.+	0	0	4	1	1
chr3.172537630.+	0	0	1	0	0
chr3.177681579.+	0	0	28	29	23
chr3.196620038.+	0	0	2	4	1
chr3.38288960.+	0	0	1	0	0
chr3.49345044.+	0	0	2	0	1
chr3.49806821.+	0	0	10	7	4
chr3.49873488.+	0	0	2	1	0
chr3.51503016.+	0	0	3	11	4
chr3.52476086.+	0	0	1	0	0
chr3.66052701.+	0	0	1	0	0
chr3.90022335.+	0	0	1	0	0
chr4_KI270786v1_alt.205695.+	0	0	1	0	0
chr4.11915326.-	0	0	1	0	0
chr4.120778115.-	0	0	1	0	0
chr4.125678071.-	0	0	2	2	4
chr4.140720876.-	0	0	1	2	1
chr4.146736330.-	0	0	1	0	0
chr4.154921921.-	0	0	1	0	0
chr4.157991649.-	0	0	25	30	45
chr4.54876183.-	0	0	1	0	0
chr4.58461541.-	0	0	1	0	0
chr4.66984691.-	0	0	1	0	0
chr4.85898881.-	0	0	1	0	0
chr4.106521352.+	0	0	2	0	0
chr4.112297811.+	0	0	1	1	0
chr4.145814619.+	0	0	1	0	0
chr4.159193170.+	0	0	2	2	4
chr4.180395218.+	0	0	2	0	1
chr4.24278035.+	0	0	1	0	0
chr4.3738598.+	0	0	1	0	0
chr4.47786401.+	0	0	1	0	0
chr4.85118434.+	0	0	1	0	0
chr4.87135262.+	0	0	1	0	1
chr5.132427681.-	0	0	6	21	25
chr5.135396870.-	0	0	2	0	0
chr5.137571289.-	0	0	3	3	3
chr5.137694464.-	0	0	7	5	4
chr5.141604536.-	0	0	4	6	5
chr5.14202874.-	0	0	1	2	1
chr5.146318136.-	0	0	1	0	0
chr5.160420421.-	0	0	4	5	1
chr5.170298184.-	0	0	1	1	1
chr5.177507507.-	0	0	1	2	5
chr5.180091740.-	0	0	1	0	0
chr5.40487665.-	0	0	38	41	33
chr5.47353019.-	0	0	1	0	0
chr5.57174784.-	0	0	1	1	2
chr5.90207722.-	0	0	1	0	0
chr5.95162340.-	0	0	31	74	84
chr5.131545173.+	0	0	2	9	9
chr5.142293210.+	0	0	1	0	0
chr5.145831433.+	0	0	1	0	0
chr5.168850845.+	0	0	1	3	3
chr5.179752186.+	0	0	1	0	0
chr5.180294156.+	0	0	1	0	0
chr5.77491331.+	0	0	4	7	4
chr6.108806216.-	0	0	1	0	0
chr6.108806226.-	0	0	12	13	4
chr6.109254226.-	0	0	16	16	15
chr6.118709657.-	0	0	3	5	7
chr6.136762014.-	0	0	3	1	2
chr6.15266004.-	0	0	43	114	94
chr6.154918752.-	0	0	1	0	0
chr6.27573619.-	0	0	1	0	0
chr6.293475.-	0	0	16	16	12
chr6.46275242.-	0	0	3	11	6
chr6.9095940.-	0	0	1	0	0
chr6.99219699.-	0	0	1	0	0
chr6.104911568.+	0	0	1	0	0
chr6.105809811.+	0	0	2	1	1
chr6.10848390.+	0	0	1	0	0
chr6.109008746.+	0	0	1	4	2
chr6.13527275.+	0	0	2	1	0
chr6.148823163.+	0	0	29	38	45
chr6.149687973.+	0	0	1	0	0
chr6.16585650.+	0	0	4	5	3
chr6.25051035.+	0	0	2	52	47
chr6.25081295.+	0	0	1	0	0
chr6.26364834.+	0	0	39	106	109
chr6.26364978.+	0	0	1	0	0
chr6.35037524.+	0	0	6	25	18
chr6.79484275.+	0	0	1	0	0
chr6.85795608.+	0	0	1	0	0
chr6.90285031.+	0	0	5	13	5
chr7_KI270803v1_alt.819341.+	0	0	1	0	0
chr7.104957878.-	0	0	1	0	0
chr7.12339924.-	0	0	1	0	0
chr7.129268396.-	0	0	1	0	0
chr7.136085749.-	0	0	1	0	0
chr7.150368468.-	0	0	5	1	0
chr7.158865078.-	0	0	4	27	25
chr7.2728731.-	0	0	1	8	7
chr7.37384639.-	0	0	1	0	0
chr7.38345402.-	0	0	20	43	49
chr7.5483556.-	0	0	1	0	0
chr7.55574302.-	0	0	2	0	2
chr7.74547596.-	0	0	1	0	0
chr7.75181180.-	0	0	1	0	0
chr7.92755956.-	0	0	5	4	3
chr7.92760465.-	0	0	14	15	9
chr7.96808421.-	0	0	1	0	0
chr7.111475895.+	0	0	2	1	0
chr7.126701061.+	0	0	3	15	8
chr7.130441680.+	0	0	1	9	7
chr7.142796368.+	0	0	1	0	1
chr7.1511953.+	0	0	1	1	2
chr7.21352532.+	0	0	3	0	1
chr7.26204995.+	0	0	1	0	0
chr7.37409770.+	0	0	2	15	13
chr7.39683820.+	0	0	24	39	39
chr7.40509139.+	0	0	1	0	0
chr7.5479803.+	0	0	8	27	36
chr7.6290640.+	0	0	1	0	0
chr7.73544153.+	0	0	1	0	0
chr8.110895268.-	0	0	1	0	0
chr8.37801301.-	0	0	1	0	0
chr8.58659380.-	0	0	18	4	1
chr8.58802278.-	0	0	2	6	6
chr8.71492875.-	0	0	1	0	0
chr8.8500621.-	0	0	1	0	0
chr8.127401322.+	0	0	1	0	0
chr8.16604522.+	0	0	10	16	9
chr8.27251032.+	0	0	1	0	0
chr8.29770156.+	0	0	1	0	0
chr8.59425066.+	0	0	1	0	0
chr9.10684454.-	0	0	1	0	0
chr9.134027493.-	0	0	1	0	0
chr9.36151439.-	0	0	3	3	2
chr9.36488478.-	0	0	1	0	1
chr9.74714657.-	0	0	1	0	0
chr9.897535.-	0	0	1	0	0
chr9.97517986.-	0	0	1	3	0
chr9.99827706.-	0	0	6	23	15
chr9.129334591.+	0	0	1	0	0
chr9.133058996.+	0	0	2	6	3
chr9.33298166.+	0	0	1	0	0
chr9.7840523.+	0	0	1	0	0
chr9.8788481.+	0	0	1	0	0
chr9.97935822.+	0	0	1	1	2
chrUn_KI270304v1.751.+	0	0	1	0	0
chrUn_KI270310v1.691.+	0	0	3	4	2
chrX.118490508.-	0	0	1	0	0
chrX.22022705.-	0	0	1	0	0
chrX.35842372.-	0	0	3	2	1
chrX.47583540.-	0	0	21	28	22
chrX.49002979.-	0	0	1	1	2
chrX.109178674.+	0	0	1	0	0
chrX.136196927.+	0	0	46	62	33
chrX.40149934.+	0	0	4	0	0
chrX.47371360.+	0	0	1	0	0
chrX.78326433.+	0	0	1	1	0
chr1.153990366.-	0	0	0	5	4
chr1.159014967.-	0	0	0	3	1
chr1.159091936.-	0	0	0	1	0
chr1.161019052.-	0	0	0	5	1
chr1.161184271.-	0	0	0	18	19
chr1.185693810.-	0	0	0	1	0
chr1.198173382.-	0	0	0	5	9
chr1.234103606.-	0	0	0	2	1
chr1.240433806.-	0	0	0	1	0
chr1.27600780.-	0	0	0	29	49
chr1.28292068.-	0	0	0	53	38
chr1.39205633.-	0	0	0	32	19
chr1.51314243.-	0	0	0	11	10
chr1.84945999.-	0	0	0	1	1
chr1.109791142.+	0	0	0	2	0
chr1.111506481.+	0	0	0	2	0
chr1.150563556.+	0	0	0	2	57
chr1.156502506.+	0	0	0	1	17
chr1.165871208.+	0	0	0	1	3
chr1.181033130.+	0	0	0	2	0
chr1.201976596.+	0	0	0	1	0
chr1.204288200.+	0	0	0	2	2
chr1.211346388.+	0	0	0	1	0
chr1.225698939.+	0	0	0	2	0
chr1.25029435.+	0	0	0	2	0
chr1.36155480.+	0	0	0	3	1
chr1.40385213.+	0	0	0	6	5
chr1.40387304.+	0	0	0	11	9
chr1.41898172.+	0	0	0	5	7
chr1.66439728.+	0	0	0	3	1
chr1.8878366.+	0	0	0	3	1
chr1.92461425.+	0	0	0	1	3
chr1.97849621.+	0	0	0	3	0
chr1.98398738.+	0	0	0	1	6
chr10.10236727.-	0	0	0	1	0
chr10.110875017.-	0	0	0	4	4
chr10.14649747.-	0	0	0	1	5
chr10.5095501.-	0	0	0	1	3
chr10.62637197.-	0	0	0	1	8
chr10.63219549.+	0	0	0	1	0
chr10.91201079.+	0	0	0	1	2
chr11.112178229.-	0	0	0	5	1
chr11.121445979.-	0	0	0	4	3
chr11.40099246.-	0	0	0	7	6
chr11.60915190.-	0	0	0	1	0
chr11.64206107.-	0	0	0	3	0
chr11.65150200.-	0	0	0	2	0
chr11.67288791.-	0	0	0	1	2
chr11.73148387.-	0	0	0	3	7
chr11.18383607.+	0	0	0	13	10
chr11.2300941.+	0	0	0	1	1
chr11.33935775.+	0	0	0	1	1
chr11.34438027.+	0	0	0	1	8
chr11.59820934.+	0	0	0	3	2
chr11.62639214.+	0	0	0	5	1
chr11.75873398.+	0	0	0	1	0
chr11.95654084.+	0	0	0	1	0
chr12.116560815.-	0	0	0	1	0
chr12.121128855.-	0	0	0	1	0
chr12.180998.-	0	0	0	3	3
chr12.45988341.-	0	0	0	12	9
chr12.49234298.-	0	0	0	3	1
chr12.85617605.-	0	0	0	2	0
chr12.93767937.-	0	0	0	2	2
chr12.121659979.+	0	0	0	3	5
chr12.121801859.+	0	0	0	1	1
chr12.21339396.+	0	0	0	1	0
chr12.24825959.+	0	0	0	9	5
chr12.26749717.+	0	0	0	2	2
chr12.27461992.+	0	0	0	12	7
chr12.49706062.+	0	0	0	7	4
chr12.55926016.+	0	0	0	1	1
chr12.57079264.+	0	0	0	65	35
chr12.57893701.+	0	0	0	6	2
chr12.69348829.+	0	0	0	1	1
chr13.113185093.-	0	0	0	1	0
chr13.44248960.-	0	0	0	13	6
chr13.46531885.-	0	0	0	1	3
chr13.49692130.+	0	0	0	1	1
chr13.85695060.+	0	0	0	1	0
chr13.86016879.+	0	0	0	1	0
chr14.45132374.-	0	0	0	1	0
chr14.61661527.-	0	0	0	1	2
chr14.68819870.-	0	0	0	3	5
chr14.75068975.-	0	0	0	5	3
chr14.89619489.-	0	0	0	3	2
chr14.100079884.+	0	0	0	3	12
chr14.103120823.+	0	0	0	4	3
chr14.22105062.+	0	0	0	1	0
chr14.23464759.+	0	0	0	2	6
chr14.23530676.+	0	0	0	1	0
chr14.35365671.+	0	0	0	5	24
chr14.49599522.+	0	0	0	2	5
chr14.53109380.+	0	0	0	1	1
chr15.59689679.-	0	0	0	14	14
chr15.63190527.-	0	0	0	1	0
chr15.74385664.-	0	0	0	3	1
chr15.79970503.-	0	0	0	2	0
chr15.98731991.-	0	0	0	2	0
chr15.77761569.+	0	0	0	11	5
chr15.90033989.+	0	0	0	6	2
chr15.98718720.+	0	0	0	2	1
chr16_KI270853v1_alt.1733316.-	0	0	0	1	0
chr16.11241187.-	0	0	0	17	17
chr16.16075427.-	0	0	0	1	1
chr16.3085975.-	0	0	0	1	0
chr16.50667043.-	0	0	0	11	21
chr16.57689234.-	0	0	0	3	0
chr16.60106047.-	0	0	0	3	2
chr16.67244782.-	0	0	0	30	36
chr16.81023854.-	0	0	0	1	0
chr16.30660047.+	0	0	0	2	0
chr16.58859637.+	0	0	0	1	0
chr16.68150390.+	0	0	0	4	0
chr16.70429236.+	0	0	0	12	5
chr16.74667882.+	0	0	0	29	54
chr16.82137310.+	0	0	0	12	6
chr16.88781009.+	0	0	0	1	1
chr17.19113625.-	0	0	0	1	0
chr17.39660193.-	0	0	0	6	2
chr17.57305573.-	0	0	0	2	0
chr17.57505872.-	0	0	0	1	0
chr17.58334640.-	0	0	0	24	36
chr17.58692399.-	0	0	0	3	1
chr17.76383825.-	0	0	0	1	5
chr17.78735416.-	0	0	0	8	1
chr17.7968429.-	0	0	0	28	53
chr17.83195910.-	0	0	0	1	2
chr17.8698362.-	0	0	0	2	3
chr17.17406275.+	0	0	0	2	0
chr17.28812063.+	0	0	0	6	3
chr17.48851698.+	0	0	0	2	5
chr17.56832916.+	0	0	0	2	3
chr17.58219682.+	0	0	0	7	5
chr17.64921257.+	0	0	0	1	1
chr17.73290990.+	0	0	0	1	0
chr17.76556920.+	0	0	0	46	59
chr18.75209932.-	0	0	0	15	29
chr18.13199656.+	0	0	0	1	0
chr18.23863054.+	0	0	0	1	0
chr18.32019377.+	0	0	0	1	0
chr18.47936414.+	0	0	0	1	1
chr19.1206740.-	0	0	0	2	8
chr19.2552321.-	0	0	0	1	0
chr19.3066269.-	0	0	0	2	2
chr19.38685620.-	0	0	0	2	6
chr19.39404745.-	0	0	0	3	0
chr19.58386445.-	0	0	0	1	1
chr19.7522370.-	0	0	0	5	2
chr19.907871.-	0	0	0	4	6
chr19.10285918.+	0	0	0	1	0
chr19.16585271.+	0	0	0	1	0
chr19.18025436.+	0	0	0	2	6
chr19.3134537.+	0	0	0	4	23
chr19.3156643.+	0	0	0	2	6
chr19.39252492.+	0	0	0	1	0
chr19.40416856.+	0	0	0	2	0
chr19.41326988.+	0	0	0	2	0
chr19.44051149.+	0	0	0	1	0
chr19.48322660.+	0	0	0	1	1
chr19.49929399.+	0	0	0	6	11
chr19.703539.+	0	0	0	2	0
chr2.105328441.-	0	0	0	1	1
chr2.137879525.-	0	0	0	1	0
chr2.156430782.-	0	0	0	1	2
chr2.181306513.-	0	0	0	24	52
chr2.201118274.-	0	0	0	18	12
chr2.231643037.-	0	0	0	2	0
chr2.25274152.-	0	0	0	7	10
chr2.42129391.-	0	0	0	6	3
chr2.55009733.-	0	0	0	2	6
chr2.62477910.-	0	0	0	3	15
chr2.64550009.-	0	0	0	2	1
chr2.64671929.-	0	0	0	1	0
chr2.64767368.-	0	0	0	1	0
chr2.135042893.+	0	0	0	1	0
chr2.172281748.+	0	0	0	2	0
chr2.197200832.+	0	0	0	4	0
chr2.202641730.+	0	0	0	3	8
chr2.224402567.+	0	0	0	1	1
chr2.27911893.+	0	0	0	3	3
chr2.42858436.+	0	0	0	1	0
chr2.48236354.+	0	0	0	1	0
chr2.54596034.+	0	0	0	4	6
chr2.68295370.+	0	0	0	2	21
chr2.69643861.+	0	0	0	1	1
chr20.10264264.-	0	0	0	1	5
chr20.59152778.-	0	0	0	2	1
chr20.60049100.-	0	0	0	1	0
chr20.62734615.-	0	0	0	1	9
chr20.23642860.+	0	0	0	3	4
chr20.33000063.+	0	0	0	1	4
chr21.21176120.-	0	0	0	6	12
chr21.29196625.+	0	0	0	6	2
chr21.38752260.+	0	0	0	4	5
chr21.39007890.+	0	0	0	1	1
chr22.27786672.+	0	0	0	1	0
chr22.37275128.+	0	0	0	4	2
chr3.161781732.-	0	0	0	2	4
chr3.31963558.-	0	0	0	1	0
chr3.32402644.-	0	0	0	2	2
chr3.45167147.-	0	0	0	1	1
chr3.45676898.-	0	0	0	2	1
chr3.49341303.-	0	0	0	1	2
chr3.49804325.-	0	0	0	10	4
chr3.57555543.-	0	0	0	1	9
chr3.7206715.-	0	0	0	1	0
chr3.72272160.-	0	0	0	2	1
chr3.72289585.-	0	0	0	7	15
chr3.105418410.+	0	0	0	2	4
chr3.128655616.+	0	0	0	6	2
chr3.128684065.+	0	0	0	10	1
chr3.169158159.+	0	0	0	1	0
chr3.172581662.+	0	0	0	1	2
chr3.177678423.+	0	0	0	2	0
chr3.18209555.+	0	0	0	1	16
chr3.183375606.+	0	0	0	1	3
chr3.18444145.+	0	0	0	5	7
chr3.187927109.+	0	0	0	1	1
chr3.57057942.+	0	0	0	2	7
chr4.106315155.-	0	0	0	2	0
chr4.10703020.-	0	0	0	1	0
chr4.145936285.-	0	0	0	2	0
chr4.184734912.-	0	0	0	4	1
chr4.38772882.-	0	0	0	4	3
chr4.38816516.-	0	0	0	1	0
chr4.70687595.-	0	0	0	1	1
chr4.70994615.-	0	0	0	11	7
chr4.76214595.-	0	0	0	1	4
chr4.10122936.+	0	0	0	9	4
chr4.15764839.+	0	0	0	3	0
chr4.158254124.+	0	0	0	1	0
chr4.16054941.+	0	0	0	1	1
chr4.3305502.+	0	0	0	1	2
chr4.75698093.+	0	0	0	2	2
chr4.76990664.+	0	0	0	2	3
chr4.94345683.+	0	0	0	1	0
chr5.132616468.-	0	0	0	1	1
chr5.173039896.-	0	0	0	17	17
chr5.39077699.-	0	0	0	2	4
chr5.40626541.-	0	0	0	17	9
chr5.88885860.-	0	0	0	2	3
chr5.139272057.+	0	0	0	9	5
chr5.150791376.+	0	0	0	5	2
chr5.159303183.+	0	0	0	5	3
chr5.168854233.+	0	0	0	1	4
chr5.54308989.+	0	0	0	2	0
chr5.76850281.+	0	0	0	3	0
chr5.81852954.+	0	0	0	1	6
chr5.95917162.+	0	0	0	1	2
chr6.13436475.-	0	0	0	1	0
chr6.2990670.-	0	0	0	32	29
chr6.43369995.-	0	0	0	1	1
chr6.56794310.-	0	0	0	1	0
chr6.149127288.+	0	0	0	1	0
chr6.15403297.+	0	0	0	1	0
chr6.15894684.+	0	0	0	1	0
chr6.16236167.+	0	0	0	1	0
chr6.25366931.+	0	0	0	128	112
chr6.2793990.+	0	0	0	4	1
chr6.41939038.+	0	0	0	1	1
chr6.63652051.+	0	0	0	1	3
chr6.72623461.+	0	0	0	1	0
chr7.112389217.-	0	0	0	1	0
chr7.116029760.-	0	0	0	5	3
chr7.135148318.-	0	0	0	5	12
chr7.135761368.-	0	0	0	1	0
chr7.140875371.-	0	0	0	18	11
chr7.149601129.-	0	0	0	1	0
chr7.1927729.-	0	0	0	1	0
chr7.20215653.-	0	0	0	4	3
chr7.21897815.-	0	0	0	1	0
chr7.37356231.-	0	0	0	4	2
chr7.38349727.-	0	0	0	1	0
chr7.47670454.-	0	0	0	1	0
chr7.59750065.-	0	0	0	1	0
chr7.82593809.-	0	0	0	2	1
chr7.106866892.+	0	0	0	1	0
chr7.115410784.+	0	0	0	1	1
chr7.116878426.+	0	0	0	22	11
chr7.120992803.+	0	0	0	4	3
chr7.130471933.+	0	0	0	10	4
chr7.135671180.+	0	0	0	5	2
chr7.143259221.+	0	0	0	2	0
chr7.19677160.+	0	0	0	5	28
chr7.21672992.+	0	0	0	1	1
chr7.38350859.+	0	0	0	1	0
chr7.73579500.+	0	0	0	1	0
chr7.82940916.+	0	0	0	1	0
chr8.107486514.-	0	0	0	1	7
chr8.129181701.-	0	0	0	1	0
chr8.85200543.-	0	0	0	8	3
chr8.8873420.-	0	0	0	1	1
chr8.89981878.-	0	0	0	1	0
chr8.107780965.+	0	0	0	2	0
chr8.133060922.+	0	0	0	1	1
chr8.2986119.+	0	0	0	1	0
chr8.79900195.+	0	0	0	1	0
chr9.137628280.-	0	0	0	2	5
chr9.2731548.-	0	0	0	2	2
chr9.3529030.-	0	0	0	5	3
chr9.113668259.+	0	0	0	3	0
chr9.123638122.+	0	0	0	1	0
chr9.129860879.+	0	0	0	11	13
chr9.6954863.+	0	0	0	2	1
chr9.79583510.+	0	0	0	1	0
chr9.97940710.+	0	0	0	12	13
chrX.154739797.-	0	0	0	1	3
chrX.20419388.-	0	0	0	2	1
chrX.23908397.-	0	0	0	1	0
chrX.78654253.-	0	0	0	1	0
chrX.119684944.+	0	0	0	2	17
chrX.136744486.+	0	0	0	9	12
chrX.149516051.+	0	0	0	6	2
chrX.39853636.+	0	0	0	27	43
chrX.46715032.+	0	0	0	11	39
chrY.12598383.+	0	0	0	2	3
chr1.159011084.-	0	0	0	0	7
chr1.169670592.-	0	0	0	0	1
chr1.172443481.-	0	0	0	0	21
chr1.203306609.-	0	0	0	0	16
chr1.25025821.-	0	0	0	0	2
chr1.31155827.-	0	0	0	0	1
chr1.84691484.-	0	0	0	0	3
chr1.97938386.-	0	0	0	0	1
chr1.108657468.+	0	0	0	0	48
chr1.115098129.+	0	0	0	0	1
chr1.120779635.+	0	0	0	0	2
chr1.1212611.+	0	0	0	0	6
chr1.174788437.+	0	0	0	0	4
chr1.207862418.+	0	0	0	0	34
chr1.207894599.+	0	0	0	0	2
chr1.246577337.+	0	0	0	0	5
chr1.27870189.+	0	0	0	0	1
chr1.31957475.+	0	0	0	0	1
chr1.41672149.+	0	0	0	0	1
chr1.70752474.+	0	0	0	0	1
chr10.17215711.-	0	0	0	0	1
chr10.48472711.-	0	0	0	0	2
chr10.52754922.-	0	0	0	0	1
chr10.60238245.-	0	0	0	0	10
chr10.61751618.-	0	0	0	0	6
chr10.61835945.-	0	0	0	0	1
chr10.86413498.-	0	0	0	0	1
chr10.932567.-	0	0	0	0	2
chr10.932649.-	0	0	0	0	3
chr10.119405423.+	0	0	0	0	1
chr10.6643362.+	0	0	0	0	5
chr11.107565833.-	0	0	0	0	22
chr11.36410293.-	0	0	0	0	3
chr11.64206261.-	0	0	0	0	1
chr11.47591084.+	0	0	0	0	5
chr11.57406062.+	0	0	0	0	2
chr11.62687228.+	0	0	0	0	2
chr11.8204114.+	0	0	0	0	10
chr12.108700831.-	0	0	0	0	1
chr12.110260533.-	0	0	0	0	1
chr12.54305717.-	0	0	0	0	2
chr12.6377095.-	0	0	0	0	2
chr12.10054469.+	0	0	0	0	6
chr12.110743377.+	0	0	0	0	3
chr12.120539172.+	0	0	0	0	2
chr12.68364370.+	0	0	0	0	1
chr12.68538505.+	0	0	0	0	1
chr12.751596.+	0	0	0	0	5
chr13.24268082.-	0	0	0	0	1
chr13.41007426.-	0	0	0	0	12
chr13.44485233.-	0	0	0	0	4
chr13.49444841.-	0	0	0	0	15
chr13.77768971.-	0	0	0	0	1
chr13.95136147.-	0	0	0	0	1
chr13.102775614.+	0	0	0	0	1
chr13.94458536.+	0	0	0	0	1
chr13.97226319.+	0	0	0	0	1
chr14.22097332.-	0	0	0	0	2
chr14.24673082.-	0	0	0	0	1
chr14.103118681.+	0	0	0	0	2
chr14.22430577.+	0	0	0	0	3
chr14.73755055.+	0	0	0	0	1
chr14.76962428.+	0	0	0	0	23
chr14.92652894.+	0	0	0	0	1
chr15.63842229.-	0	0	0	0	9
chr15.73924858.-	0	0	0	0	39
chr15.40099299.+	0	0	0	0	5
chr15.59686784.+	0	0	0	0	2
chr15.70446609.+	0	0	0	0	1
chr15.75009506.+	0	0	0	0	41
chr15.75626159.+	0	0	0	0	2
chr15.93042280.+	0	0	0	0	1
chr15.94205674.+	0	0	0	0	1
chr16_KI270853v1_alt.1570392.-	0	0	0	0	2
chr16.17377697.-	0	0	0	0	1
chr16.29661580.-	0	0	0	0	1
chr16.56262761.-	0	0	0	0	1
chr16.66368190.-	0	0	0	0	5
chr16.6777298.-	0	0	0	0	55
chr16.75108571.-	0	0	0	0	1
chr16.85572249.-	0	0	0	0	1
chr16.88793278.-	0	0	0	0	4
chr16.21507085.+	0	0	0	0	1
chr16.29600222.+	0	0	0	0	21
chr16.30122476.+	0	0	0	0	27
chr16.49595935.+	0	0	0	0	1
chr16.80997535.+	0	0	0	0	1
chr16.81798614.+	0	0	0	0	2
chr16.84728863.+	0	0	0	0	3
chr17.19065139.-	0	0	0	0	1
chr17.43170804.-	0	0	0	0	1
chr17.48595881.-	0	0	0	0	24
chr17.57950018.-	0	0	0	0	1
chr17.58339901.-	0	0	0	0	1
chr17.67768220.-	0	0	0	0	1
chr17.69092412.-	0	0	0	0	4
chr17.78262468.-	0	0	0	0	1
chr17.20074280.+	0	0	0	0	1
chr17.28950437.+	0	0	0	0	4
chr17.49747564.+	0	0	0	0	14
chr17.50661612.+	0	0	0	0	6
chr18.25165155.-	0	0	0	0	1
chr18.56328028.-	0	0	0	0	1
chr18.65371989.-	0	0	0	0	1
chr18.63918299.+	0	0	0	0	6
chr19.13103387.-	0	0	0	0	1
chr19.14005316.-	0	0	0	0	1
chr19.17846398.-	0	0	0	0	1
chr19.3339495.-	0	0	0	0	17
chr19.41324160.-	0	0	0	0	1
chr19.41329056.-	0	0	0	0	1
chr19.46939260.-	0	0	0	0	1
chr19.55600864.-	0	0	0	0	4
chr19.7959050.-	0	0	0	0	1
chr19.952780.-	0	0	0	0	1
chr19.10126838.+	0	0	0	0	1
chr19.14783591.+	0	0	0	0	1
chr19.18023315.+	0	0	0	0	3
chr19.3179615.+	0	0	0	0	1
chr19.37779211.+	0	0	0	0	1
chr19.43780159.+	0	0	0	0	1
chr19.6892876.+	0	0	0	0	1
chr2.143478076.-	0	0	0	0	6
chr2.172393607.-	0	0	0	0	9
chr2.232618711.-	0	0	0	0	1
chr2.26245236.-	0	0	0	0	10
chr2.461514.-	0	0	0	0	1
chr2.68715664.-	0	0	0	0	1
chr2.6910704.-	0	0	0	0	1
chr2.85711154.-	0	0	0	0	1
chr2.95043972.-	0	0	0	0	25
chr2.123928975.+	0	0	0	0	1
chr2.131427450.+	0	0	0	0	1
chr2.191630634.+	0	0	0	0	7
chr2.24825430.+	0	0	0	0	6
chr2.26069361.+	0	0	0	0	3
chr2.2685600.+	0	0	0	0	3
chr2.64606282.+	0	0	0	0	1
chr20.32539409.-	0	0	0	0	6
chr20.35743913.-	0	0	0	0	1
chr20.35769005.-	0	0	0	0	6
chr20.37314893.-	0	0	0	0	31
chr20.50381942.-	0	0	0	0	1
chr20.59221629.-	0	0	0	0	4
chr20.31523492.+	0	0	0	0	1
chr20.32777034.+	0	0	0	0	1
chr20.49323407.+	0	0	0	0	90
chr20.847508.+	0	0	0	0	2
chr21.15136996.-	0	0	0	0	2
chr21.15735408.-	0	0	0	0	7
chr21.15137303.+	0	0	0	0	2
chr21.15356522.+	0	0	0	0	2
chr21.33951283.+	0	0	0	0	2
chr21.38997074.+	0	0	0	0	2
chr21.42235919.+	0	0	0	0	1
chr21.5104629.+	0	0	0	0	1
chr22.25027466.-	0	0	0	0	1
chr22.31491104.-	0	0	0	0	4
chr22.40462918.-	0	0	0	0	1
chr22.37485741.+	0	0	0	0	2
chr22.37633534.+	0	0	0	0	1
chr3.128667222.-	0	0	0	0	5
chr3.157247579.-	0	0	0	0	1
chr3.184534158.-	0	0	0	0	3
chr3.188242401.-	0	0	0	0	1
chr3.188242403.-	0	0	0	0	11
chr3.32457862.-	0	0	0	0	8
chr3.36912968.-	0	0	0	0	3
chr3.49805898.-	0	0	0	0	1
chr3.5499304.-	0	0	0	0	2
chr3.10189106.+	0	0	0	0	6
chr3.124620599.+	0	0	0	0	1
chr3.141560490.+	0	0	0	0	4
chr3.187029397.+	0	0	0	0	67
chr3.195158093.+	0	0	0	0	1
chr3.45594951.+	0	0	0	0	1
chr3.62834649.+	0	0	0	0	1
chr3.72318375.+	0	0	0	0	1
chr3.87090437.+	0	0	0	0	2
chr4.142446198.-	0	0	0	0	11
chr4.69625942.-	0	0	0	0	1
chr4.88524187.-	0	0	0	0	1
chr4.123258428.+	0	0	0	0	3
chr4.150307364.+	0	0	0	0	1
chr4.176880167.+	0	0	0	0	6
chr4.52726288.+	0	0	0	0	1
chr4.57554510.+	0	0	0	0	1
chr4.83631723.+	0	0	0	0	1
chr4.87218307.+	0	0	0	0	1
chr5.137693839.-	0	0	0	0	1
chr5.137696351.-	0	0	0	0	1
chr5.139388066.-	0	0	0	0	2
chr5.150394905.-	0	0	0	0	1
chr5.39273409.-	0	0	0	0	3
chr5.87113808.-	0	0	0	0	1
chr5.132464953.+	0	0	0	0	1
chr5.172175685.+	0	0	0	0	6
chr5.35479419.+	0	0	0	0	23
chr5.67981475.+	0	0	0	0	11
chr5.95162211.+	0	0	0	0	3
chr6_GL000254v2_alt.1309859.+	0	0	0	0	1
chr6.109189406.-	0	0	0	0	1
chr6.129491029.-	0	0	0	0	19
chr6.159056010.-	0	0	0	0	1
chr6.28384106.-	0	0	0	0	2
chr6.34273117.-	0	0	0	0	1
chr6.35037067.-	0	0	0	0	1
chr6.35046016.-	0	0	0	0	1
chr6.10523847.+	0	0	0	0	1
chr6.109119941.+	0	0	0	0	5
chr6.135309435.+	0	0	0	0	4
chr6.15341246.+	0	0	0	0	1
chr6.154258504.+	0	0	0	0	2
chr6.15750171.+	0	0	0	0	17
chr6.26240122.+	0	0	0	0	19
chr6.27127046.+	0	0	0	0	1
chr6.27839638.+	0	0	0	0	2
chr6.2991322.+	0	0	0	0	1
chr6.34662341.+	0	0	0	0	37
chr6.34671759.+	0	0	0	0	1
chr6.7075122.+	0	0	0	0	4
chr7.2038447.-	0	0	0	0	1
chr7.24908319.-	0	0	0	0	42
chr7.44996165.-	0	0	0	0	2
chr7.71643394.-	0	0	0	0	1
chr7.75092591.-	0	0	0	0	1
chr7.95330139.-	0	0	0	0	1
chr7.130472002.+	0	0	0	0	6
chr7.135979973.+	0	0	0	0	7
chr7.17044791.+	0	0	0	0	8
chr7.33039643.+	0	0	0	0	1
chr7.72058625.+	0	0	0	0	1
chr7.74851545.+	0	0	0	0	1
chr8.21949197.-	0	0	0	0	1
chr8.58857362.-	0	0	0	0	7
chr8.58999020.-	0	0	0	0	2
chr8.124735806.+	0	0	0	0	2
chr8.134162215.+	0	0	0	0	2
chr8.94904617.+	0	0	0	0	1
chr9.114379836.-	0	0	0	0	25
chr9.123030275.-	0	0	0	0	2
chr9.128323614.-	0	0	0	0	2
chr9.129946092.-	0	0	0	0	1
chr9.2022560.-	0	0	0	0	3
chr9.33474751.-	0	0	0	0	1
chr9.35095805.-	0	0	0	0	2
chr9.82790589.-	0	0	0	0	2
chr9.113455250.+	0	0	0	0	1
chr9.136649561.+	0	0	0	0	1
chr9.72991974.+	0	0	0	0	1
chr9.8698233.+	0	0	0	0	2
chrM.4949.+	0	0	0	0	1
chrX.119949804.-	0	0	0	0	1
chrX.149523674.-	0	0	0	0	3
chrX.41621033.-	0	0	0	0	1
chrX.20437368.+	0	0	0	0	5
chrX.23772826.+	0	0	0	0	14
chrX.4712105.+	0	0	0	0	1
chrX.48027176.+	0	0	0	0	1
chrX.65996769.+	0	0	0	0	1
chrX.71107848.+	0	0	0	0	3
chrY.13480645.-	0	0	0	0	2
