4_months	6_months	12_months	18_months	24_months
chr1.10512610.-	171	99	0	0	0
chr1.109081437.-	4	0	0	0	0
chr1.109791610.-	1341	520	0	0	0
chr1.11173226.-	1	0	0	0	0
chr1.11736980.-	81	0	0	0	0
chr1.12522932.-	1	0	0	0	0
chr1.150365500.-	131	82	0	4	0
chr1.150610771.-	3	96	0	0	0
chr1.151381537.-	48	100	717	3	6
chr1.153945508.-	245	129	671	45	38
chr1.155251183.-	1	1	0	0	0
chr1.155968346.-	171	352	0	10	0
chr1.159010727.-	85	623	645	0	0
chr1.169667470.-	18	0	0	0	0
chr1.173429951.-	36	0	0	0	0
chr1.183895158.-	413	249	739	0	0
chr1.192565776.-	209	1901	3945	5	52
chr1.207309108.-	14	0	0	0	0
chr1.211619542.-	1	0	0	0	0
chr1.234746723.-	52	0	0	0	0
chr1.246577109.-	26	812	0	24	0
chr1.25033810.-	1473	1458	0	53	39
chr1.25120211.-	57	0	0	0	0
chr1.25465381.-	168	494	0	20	0
chr1.26285129.-	16	0	0	0	0
chr1.27669787.-	356	96	103	0	15
chr1.28648567.-	1	32	0	0	0
chr1.32733193.-	1	0	0	0	0
chr1.37846421.-	2	1	0	24	0
chr1.39198106.-	74	148	0	0	0
chr1.41242932.-	8	852	0	4	0
chr1.42932384.-	151	50	0	0	0
chr1.44722777.-	384	630	4896	5	32
chr1.51569221.-	451	112	0	0	0
chr1.78618875.-	87	8344	6329	647	334
chr1.8428457.-	20	169	0	3	0
chr1.8428788.-	2	0	0	0	0
chr1.89693178.-	83	241	0	0	0
chr1.107899874.+	1470	3192	1314	26	59
chr1.113812807.+	437	733	0	4	0
chr1.113859143.+	176	147	0	0	0
chr1.115977622.+	4	4	0	0	0
chr1.146006930.+	152	0	0	0	0
chr1.148158481.+	1	282	982	0	3
chr1.148977859.+	74	45	0	57	6
chr1.154730225.+	95	131	0	0	0
chr1.160541184.+	12	1	0	0	0
chr1.161338983.+	1	0	0	0	0
chr1.169696887.+	42	57	0	0	0
chr1.183904806.+	221	43	1435	76	40
chr1.207414323.+	12	19	0	0	0
chr1.235337002.+	22	0	0	0	0
chr1.246572952.+	114	214	0	0	0
chr1.24666596.+	1	0	0	0	0
chr1.26531033.+	125	115	0	0	0
chr1.27526850.+	1	0	0	0	0
chr1.28417304.+	23	20	0	0	0
chr1.31888596.+	37	0	0	0	0
chr1.32249336.+	2	0	0	0	0
chr1.32816145.+	55	6	0	0	0
chr1.39205574.+	55	33	673	0	35
chr1.44826901.+	16	0	0	0	0
chr1.69573641.+	19	944	1310	14	0
chr1.78143628.+	156	187	0	0	0
chr1.78618882.+	2010	1730	4922	227	62
chr1.85994324.+	22	9	0	0	0
chr1.89065803.+	91	340	0	2	0
chr1.89949382.+	1	0	0	0	0
chr1.93729876.+	28	0	0	0	0
chr1.93879616.+	90	221	0	13	0
chr1.94092146.+	139	257	0	0	48
chr1.97851375.+	20	12	0	0	46
chr10.100268900.-	292	265	0	0	0
chr10.110867465.-	10	0	0	0	0
chr10.114692027.-	39	102	0	7	0
chr10.12338332.-	2	22	0	0	0
chr10.131898178.-	73	393	0	0	0
chr10.19861267.-	1	0	0	0	0
chr10.212273.-	5	0	0	0	0
chr10.21511138.-	1435	1937	1403	10	2
chr10.26440350.-	104	954	0	5	8
chr10.26484005.-	35	1	4	0	0
chr10.4452982.-	1	7	0	0	0
chr10.61575238.-	451	401	1	71	0
chr10.6475352.-	2	12	0	0	0
chr10.6926766.-	1	157	0	0	0
chr10.6927968.-	447	732	0	84	71
chr10.70779473.-	352	1016	3268	0	0
chr10.943640.-	32	0	0	0	0
chr10.96673210.-	4649	2770	693	232	333
chr10.98134835.-	13	36	0	0	10
chr10.988491.-	406	1888	1283	77	140
chr10.100229208.+	12	122	0	0	0
chr10.102118608.+	11	0	0	0	0
chr10.119516996.+	58	41	0	0	0
chr10.12186388.+	21	68	0	0	0
chr10.13293569.+	1	0	0	0	0
chr10.21529722.+	52	35	2398	0	0
chr10.27553017.+	1	0	0	0	0
chr10.3465316.+	8	0	0	0	0
chr10.48469212.+	22	133	0	39	0
chr10.52867117.+	1	0	0	0	0
chr10.53157176.+	1	0	0	0	0
chr10.6922735.+	288	465	0	0	4
chr10.7148304.+	110	147	0	0	0
chr10.71751817.+	29	84	0	0	0
chr10.74168432.+	15	1	124	0	0
chr10.75610831.+	4039	2013	945	343	244
chr10.92544113.+	2	0	0	0	0
chr10.92846937.+	41	0	0	0	0
chr11.102475957.-	5	0	0	0	0
chr11.110808877.-	252	1067	0	23	57
chr11.115986423.-	1	1	0	0	0
chr11.116853079.-	54	0	0	0	0
chr11.116980877.-	38	11	0	0	0
chr11.118213795.-	68	46	0	62	0
chr11.118215505.-	4	0	0	0	0
chr11.121484063.-	6	0	0	0	0
chr11.32958465.-	1	0	0	0	0
chr11.33927576.-	152	61	0	0	0
chr11.33929909.-	3	83	0	0	0
chr11.42572265.-	8	0	0	0	0
chr11.49065086.-	1	0	0	0	0
chr11.64857610.-	1	180	0	0	0
chr11.65927324.-	32	0	0	0	0
chr11.65928657.-	18	0	0	0	0
chr11.68010100.-	14	0	0	0	0
chr11.68379121.-	78	47	0	0	0
chr11.68750581.-	86	142	42	0	0
chr11.73143752.-	221	329	0	80	0
chr11.73521550.-	11	19	0	0	0
chr11.78349380.-	5	59	0	0	0
chr11.95371625.-	15	32	0	0	0
chr11.96338675.-	84	373	0	0	0
chr11.101008745.+	77	0	0	0	0
chr11.102312642.+	588	1486	882	51	165
chr11.10640902.+	71	265	0	9	0
chr11.118169005.+	1	0	0	0	0
chr11.119169239.+	217	261	0	0	0
chr11.122697208.+	56	0	0	0	0
chr11.122817760.+	27	27	54	52	0
chr11.128340548.+	137	132	0	0	0
chr11.130244615.+	208	156	3460	51	44
chr11.20361741.+	507	85	5	0	0
chr11.3379639.+	3	2	0	0	0
chr11.39371181.+	34	12	0	0	0
chr11.45827714.+	1	0	0	0	0
chr11.46343370.+	900	229	0	0	0
chr11.47269370.+	3	110	0	0	0
chr11.57565922.+	17	0	0	0	0
chr11.61036809.+	5	2	0	0	0
chr11.62601037.+	116	0	0	0	0
chr11.64306963.+	6	0	0	0	0
chr11.65420670.+	1473	624	2835	132	109
chr11.65894261.+	95	93	0	0	0
chr11.65927747.+	7	3	0	0	0
chr11.66545498.+	157	28	0	0	0
chr11.6747004.+	13	0	0	0	0
chr11.67651528.+	145	90	0	198	0
chr11.72809272.+	11	0	0	0	0
chr11.844331.+	32	0	0	0	0
chr11.86302431.+	13	145	0	0	0
chr12.104580667.-	45	34	0	0	0
chr12.108613270.-	17	0	0	0	0
chr12.110004755.-	20	0	0	0	0
chr12.110624765.-	1	0	0	0	0
chr12.111433847.-	286	137	10	13	0
chr12.120848237.-	12	7	0	0	0
chr12.121686118.-	151	266	2502	0	76
chr12.121808939.-	1	0	0	0	0
chr12.122888803.-	88	54	0	0	0
chr12.124881087.-	19	3	0	0	0
chr12.13156301.-	2	39	0	0	0
chr12.14256522.-	27	2	0	0	0
chr12.14957379.-	27	12	0	0	0
chr12.14981716.-	61	1	0	0	0
chr12.15570806.-	589	394	0	0	0
chr12.1662871.-	99	0	0	0	0
chr12.19361441.-	1	0	0	0	0
chr12.32391653.-	8	15	0	0	0
chr12.45728305.-	188	1597	132	6	13
chr12.47811958.-	91	230	0	0	0
chr12.49019309.-	38	270	1487	0	0
chr12.50922821.-	28	20	0	0	0
chr12.51322147.-	9	1	0	0	0
chr12.54303228.-	14	61	0	0	0
chr12.55929833.-	125	52	68	0	0
chr12.66829963.-	2712	3149	10	22	93
chr12.6950850.-	115	0	0	0	0
chr12.7678372.-	24	0	0	0	0
chr12.92166180.-	184	438	0	18	31
chr12.9870467.-	125	137	3	0	0
chr12.9995784.-	105	71	0	0	1
chr12.104478752.+	111	156	0	0	0
chr12.108567714.+	77	23	0	0	0
chr12.108633584.+	192	658	1659	1	21
chr12.108692330.+	14	2	0	0	0
chr12.116359838.+	193	48	0	0	63
chr12.11799765.+	28	45	0	0	0
chr12.118237131.+	35	0	0	0	0
chr12.118320763.+	97	53	0	0	0
chr12.120707835.+	1	2	0	0	0
chr12.121969216.+	1082	606	0	28	9
chr12.123744708.+	12	8	0	0	0
chr12.130025205.+	1	0	0	0	0
chr12.132444628.+	57	53	4	0	0
chr12.14960479.+	709	1126	1	0	0
chr12.27016299.+	1	69	0	0	0
chr12.29165192.+	33	0	0	0	0
chr12.31659500.+	163	750	75	0	0
chr12.32532761.+	49	203	0	0	8
chr12.32589044.+	115	18	0	0	0
chr12.4290048.+	72	0	0	0	0
chr12.47707451.+	2	0	0	0	0
chr12.54303665.+	104	162	0	0	7
chr12.54307731.+	307	312	3459	67	1
chr12.54412715.+	494	1649	17	0	9
chr12.57431310.+	22	0	0	0	0
chr12.57757529.+	1	0	0	0	0
chr12.7959198.+	14	46	0	0	0
chr12.8913942.+	51	0	0	0	0
chr12.9655591.+	183	8	1307	54	77
chr12.9737507.+	107	57	0	0	0
chr12.9760578.+	182	94	0	0	0
chr12.990213.+	49	0	0	0	0
chr13.21476622.-	92	89	0	0	0
chr13.26301678.-	21	46	0	0	0
chr13.43345961.-	98	282	284	0	0
chr13.44116069.-	46	55	0	0	0
chr13.45385001.-	60	40	954	0	0
chr13.48238260.-	152	24	0	0	0
chr13.48493215.-	85	154	0	0	42
chr13.49528626.-	11	33	0	0	0
chr13.49530777.-	6	0	0	0	0
chr13.50894430.-	406	36	0	1	0
chr13.51062057.-	24	89	0	0	0
chr13.52193176.-	32	5	1080	0	0
chr13.77298134.-	985	3352	485	0	80
chr13.87121620.-	2200	988	5027	209	156
chr13.95479505.-	17	6	0	0	0
chr13.97388085.-	6	0	0	0	0
chr13.99230568.-	9	5	0	0	0
chr13.106866931.+	8	1	102	0	0
chr13.110705271.+	18	2	0	0	0
chr13.110711824.+	46	0	0	0	0
chr13.21038647.+	255	432	0	0	0
chr13.30371004.+	3	0	0	0	0
chr13.44274289.+	198	247	0	48	48
chr13.45386033.+	2	87	0	8	0
chr13.46199709.+	26	21	0	6	0
chr13.48492994.+	16	54	0	0	0
chr13.48571996.+	366	332	0	144	0
chr13.50892619.+	35	39	0	1	0
chr13.50893314.+	4249	3462	3362	365	170
chr13.52651813.+	81	303	29	0	3
chr13.71832740.+	13	1	222	0	0
chr14.102902995.-	723	311	0	69	0
chr14.103786176.-	1	0	0	0	0
chr14.20370147.-	1	0	0	0	0
chr14.38174492.-	1	0	0	0	0
chr14.49971738.-	79	175	0	0	0
chr14.51860709.-	9	55	0	0	0
chr14.55645633.-	19	0	0	0	7
chr14.62492565.-	1	1	0	0	0
chr14.63716829.-	1	0	0	0	0
chr14.64505118.-	64	90	0	0	0
chr14.65211787.-	6	0	0	0	0
chr14.67190326.-	1	0	0	0	0
chr14.73742524.-	1	154	0	0	0
chr14.76740333.-	1	0	0	0	0
chr14.77034800.-	176	23	0	0	0
chr14.81672239.-	1	0	0	0	0
chr14.84110689.-	5	6	0	0	0
chr14.89939921.-	1	0	0	0	0
chr14.92669032.-	84	29	0	1	0
chr14.101829185.+	2	35	0	0	0
chr14.101875687.+	64	51	0	0	0
chr14.102262296.+	22	0	0	0	0
chr14.103387627.+	1	0	0	0	0
chr14.105173773.+	15	14	0	0	0
chr14.23010061.+	76	46	0	0	0
chr14.35122239.+	40	0	0	0	0
chr14.35154886.+	250	26	0	29	0
chr14.35286165.+	4	88	0	0	0
chr14.49946272.+	1	0	0	0	0
chr14.49970582.+	282	330	2	29	27
chr14.50465956.+	1	0	0	0	0
chr14.54626982.+	48	14	0	0	0
chr14.64363075.+	1	0	0	0	0
chr14.75286192.+	64	57	0	0	0
chr14.76963843.+	3	0	0	0	0
chr14.77038591.+	184	143	0	0	1
chr14.89616611.+	96	205	0	59	0
chr14.95520045.+	438	400	785	0	9
chr15_KI270849v1_alt.53610.-	4	6	1	0	0
chr15_KI270905v1_alt.3553661.-	16	2	0	0	0
chr15_KI270905v1_alt.569909.-	1	0	0	0	0
chr15.20506706.-	1	0	0	0	0
chr15.25863846.-	7	1	0	0	49
chr15.31267845.-	2	1	0	0	0
chr15.40103976.-	23	0	0	0	0
chr15.41635082.-	1	1	0	0	0
chr15.44730241.-	1	1	6	0	0
chr15.54518177.-	9	25	0	0	0
chr15.66419403.-	2	0	0	0	0
chr15.68277061.-	49	10	0	0	0
chr15.69668391.-	429	54	0	0	60
chr15.73457474.-	1	0	0	0	0
chr15.74789896.-	138	14	0	0	0
chr15.75126522.-	61	1	0	0	0
chr15.78167460.-	3	0	0	0	0
chr15.82651013.-	1	0	0	0	0
chr15.82849980.-	4	80	0	1	0
chr15.85381686.-	278	30	785	9	0
chr15.85474924.-	5	26	0	0	0
chr15.85691816.-	184	541	12	0	0
chr15.90001857.-	27	0	0	0	0
chr15.90831883.-	4	16	0	0	0
chr15.99250264.-	82	24	1132	8	0
chr15.19964869.+	1	0	0	0	0
chr15.42606311.+	6	4	0	0	0
chr15.44386078.+	14	0	0	0	0
chr15.56774802.+	5	0	0	0	0
chr15.66617116.+	3126	1559	1727	87	311
chr15.67098230.+	192	5	11	0	2
chr15.78167457.+	443	725	0	6	32
chr15.82856170.+	131	10	0	0	92
chr15.91028417.+	1	145	0	0	0
chr15.92809862.+	287	789	487	18	53
chr15.94230351.+	117	17	499	0	0
chr16.10869236.-	10	1	0	0	0
chr16.11300340.-	47	116	0	9	0
chr16.12239756.-	27	0	0	0	0
chr16.12369319.-	1	0	0	0	0
chr16.18805156.-	3	39	1079	0	0
chr16.21541128.-	13	6	0	0	0
chr16.23640891.-	166	88	1051	0	0
chr16.23958458.-	32	20	0	0	0
chr16.29627144.-	37	0	0	0	0
chr16.30461061.-	32	37	0	0	0
chr16.30592608.-	60	293	31	0	0
chr16.3087220.-	4	0	0	0	0
chr16.3088286.-	4	0	0	0	0
chr16.3249674.-	1	0	0	0	0
chr16.3580779.-	23	43	0	0	0
chr16.56280096.-	29	1	0	0	0
chr16.57689170.-	158	261	54	14	0
chr16.66520264.-	314	329	0	0	0
chr16.68333201.-	10	1	0	0	0
chr16.68469283.-	69	23	0	0	0
chr16.69727572.-	3	0	0	0	0
chr16.70178141.-	1	0	0	0	0
chr16.71931647.-	2	0	0	0	0
chr16.81471291.-	16	48	0	1	0
chr16.84600572.-	219	21	0	0	1
chr16.88802968.-	74	26	0	0	0
chr16.88978217.-	42	86	0	0	11
chr16.1534412.+	5	59	0	0	0
chr16.17377912.+	128	249	3	0	0
chr16.20745063.+	232	433	0	0	0
chr16.21524880.+	2	15	0	0	0
chr16.21525137.+	141	445	4	35	0
chr16.2301592.+	1	0	0	0	0
chr16.23898506.+	5	2	0	0	0
chr16.3055664.+	4	5	0	0	0
chr16.3075491.+	129	197	2	17	0
chr16.48613168.+	24	165	0	0	0
chr16.50683012.+	11	0	0	0	0
chr16.57535661.+	153	348	0	0	0
chr16.58237725.+	1	0	0	0	0
chr16.66516415.+	88	1421	0	84	2
chr16.70259907.+	1	0	0	0	0
chr16.74665916.+	2	0	0	0	0
chr16.74701046.+	23	0	0	0	0
chr16.79083988.+	14	17	0	0	0
chr16.81737200.+	589	222	0	0	11
chr16.84969975.+	1	0	0	0	0
chr16.85055374.+	26	17	0	0	0
chr16.87879783.+	213	375	0	0	0
chr16.88782722.+	288	266	0	0	0
chr16.9086454.+	4	0	0	0	0
chr17_GL000205v2_random.85990.+	3	1	0	0	0
chr17_KI270861v1_alt.153672.+	3	11	4	2	0
chr17.10542197.-	1	0	0	0	0
chr17.11293008.-	1	0	0	0	0
chr17.31159238.-	5	0	0	0	0
chr17.35268600.-	3	0	0	0	0
chr17.40108867.-	145	55	0	31	0
chr17.417371.-	5	0	0	0	0
chr17.43369822.-	645	1891	7	27	37
chr17.47942199.-	44	1	0	0	0
chr17.48492240.-	1373	1560	359	34	0
chr17.48837190.-	46	35	0	0	0
chr17.50156132.-	34	30	40	0	0
chr17.57364252.-	14	0	0	6	0
chr17.57387900.-	3	0	0	0	0
chr17.57390880.-	1	0	0	0	0
chr17.57496929.-	131	213	0	0	0
chr17.58010095.-	1	0	0	0	0
chr17.58335857.-	387	236	0	0	0
chr17.59786085.-	45	0	0	23	0
chr17.62480211.-	21	17	8	0	0
chr17.65243549.-	1	0	0	0	0
chr17.69176623.-	225	97	0	0	0
chr17.70038332.-	1	0	0	0	0
chr17.7482883.-	3	24	0	1	0
chr17.76501940.-	242	13	0	12	0
chr17.76580444.-	2	1	0	0	0
chr17.78131526.-	300	344	0	0	4
chr17.78325949.-	17	0	0	0	0
chr17.81438121.-	19	119	0	0	0
chr17.81976567.-	1	0	0	0	0
chr17.81976590.-	4363	3217	2360	247	192
chr17.82884276.-	174	702	32	78	0
chr17.9474855.-	71	73	0	0	2
chr17.10021294.+	187	264	0	0	0
chr17.1198397.+	170	62	1	0	0
chr17.1723636.+	2	6	22	0	0
chr17.17415935.+	62	0	0	0	0
chr17.39170404.+	96	42	0	2	0
chr17.39678934.+	81	87	0	0	0
chr17.41842772.+	1	0	0	0	0
chr17.42531292.+	87	1	0	0	0
chr17.43171534.+	6	0	0	0	0
chr17.44095298.+	77	89	0	0	0
chr17.45160313.+	67	0	0	0	0
chr17.55113486.+	11	0	0	0	0
chr17.57376638.+	24	0	0	0	0
chr17.59162862.+	2677	2374	3358	387	291
chr17.59787555.+	11	0	0	0	0
chr17.61811139.+	9	1	0	0	0
chr17.64015004.+	327	563	0	94	0
chr17.76271867.+	27	0	0	0	0
chr17.76598629.+	104	75	0	0	0
chr17.7687169.+	377	212	524	0	47
chr17.77373634.+	31	0	0	0	0
chr17.77388613.+	323	459	1540	49	39
chr17.7884066.+	109	78	0	0	0
chr17.80779894.+	215	141	0	4	2
chr17.8191956.+	563	449	0	7	10
chr17.82884607.+	48	139	0	0	0
chr17.83117085.+	2	0	7	0	0
chr17.9801442.+	1	0	0	0	0
chr18.12679687.-	156	271	0	0	0
chr18.12838185.-	83	10	0	0	0
chr18.2640256.-	38	7	0	0	0
chr18.41998677.-	26	0	0	0	0
chr18.5217124.-	1	0	0	0	0
chr18.58886332.-	85	95	0	1	0
chr18.59881995.-	3164	1865	732	57	101
chr18.60145693.-	27	37	0	0	0
chr18.74378015.-	574	437	0	25	29
chr18.77096073.-	217	838	987	0	0
chr18.13452797.+	16	25	0	0	0
chr18.3605328.+	3	0	0	4	0
chr18.41942790.+	263	118	0	0	0
chr18.5465961.+	9	0	0	0	0
chr18.55478015.+	3664	3051	2431	176	376
chr18.63097691.+	7	0	0	0	0
chr18.63234814.+	142	128	0	0	0
chr18.63838180.+	3	0	0	0	0
chr18.74163347.+	5	12	0	0	0
chr18.77102129.+	7	0	0	0	0
chr18.77215569.+	1	0	0	0	0
chr19.11323180.-	3	48	0	0	0
chr19.1266386.-	123	51	0	0	0
chr19.12666354.-	1	47	688	0	0
chr19.13152547.-	162	117	0	0	14
chr19.13182936.-	65	0	0	0	0
chr19.17126569.-	137	0	0	0	0
chr19.17405997.-	606	937	233	1	71
chr19.18017465.-	64	79	0	0	7
chr19.2265234.-	70	580	0	0	18
chr19.3137151.-	32	15	0	0	0
chr19.3146500.-	147	0	0	8	0
chr19.35908522.-	46	0	0	0	0
chr19.41261332.-	19	202	0	0	0
chr19.50022601.-	1	0	0	0	0
chr19.5442342.-	1	0	0	0	0
chr19.6802867.-	137	155	0	0	0
chr19.8666322.-	35	14	0	0	0
chr19.12790958.+	582	1102	0	0	0
chr19.13164867.+	119	126	0	4	3
chr19.1367850.+	68	226	0	0	0
chr19.13837374.+	1969	1137	3	69	159
chr19.14371886.+	340	312	0	13	0
chr19.18023791.+	261	30	0	0	0
chr19.18030115.+	41	97	0	0	0
chr19.18288392.+	12	10	0	0	0
chr19.1876893.+	258	89	0	23	0
chr19.1904040.+	51	44	0	0	0
chr19.2051977.+	33	0	0	0	0
chr19.2070355.+	4	0	0	0	0
chr19.28338805.+	1	0	0	0	0
chr19.28480950.+	1	0	0	0	0
chr19.3146497.+	1	0	0	0	0
chr19.3505576.+	214	147	0	0	0
chr19.35437515.+	174	488	867	0	22
chr19.39093244.+	1	0	0	0	0
chr19.41878194.+	461	381	11	20	9
chr19.44677975.+	1	0	0	0	0
chr19.48964289.+	555	695	1422	0	0
chr19.51127379.+	79	348	1590	15	0
chr19.6236955.+	9	0	0	0	0
chr19.8500923.+	2	0	0	0	0
chr2.101621563.-	110	209	0	0	0
chr2.105630349.-	1	0	0	0	0
chr2.111494704.-	1	3	0	0	0
chr2.111698953.-	193	353	0	13	0
chr2.132622995.-	1	0	0	0	0
chr2.143124538.-	78	10	0	0	0
chr2.157435219.-	23	16	0	0	0
chr2.157831938.-	8	0	0	0	0
chr2.174595359.-	92	163	0	0	12
chr2.191021265.-	762	1084	906	0	0
chr2.191194348.-	2	1	0	0	0
chr2.200920182.-	16	30	0	0	0
chr2.201129057.-	124	0	0	0	0
chr2.219206243.-	77	1035	70	48	69
chr2.231642566.-	114	30	0	0	0
chr2.231661679.-	662	558	6	0	2
chr2.237436714.-	840	680	0	0	1
chr2.25274508.-	77	9596	15464	739	354
chr2.26411557.-	2811	2582	20	111	62
chr2.30025755.-	1	0	0	0	0
chr2.42967339.-	3	0	0	0	0
chr2.42969947.-	75	396	0	0	0
chr2.43215952.-	6	0	0	0	0
chr2.45921517.-	18	3	0	0	0
chr2.56611618.-	1	0	0	0	0
chr2.58768357.-	15	201	0	0	0
chr2.6910610.-	15	0	0	0	0
chr2.69946507.-	186	253	15	0	0
chr2.75710149.-	19	88	0	1	0
chr2.85438649.-	141	20	0	0	0
chr2.87291240.-	6	3	0	0	0
chr2.87486654.-	6	0	0	0	0
chr2.96209379.-	46	0	0	0	0
chr2.9680960.-	2786	1541	914	182	141
chr2.9681456.-	126	153	0	0	68
chr2.111570323.+	17	180	0	0	0
chr2.112707507.+	61	36	0	0	0
chr2.113890386.+	225	98	0	0	0
chr2.11702373.+	3423	1428	3823	129	144
chr2.11755960.+	34	113	0	0	0
chr2.125812303.+	1	0	0	0	0
chr2.126659041.+	62	148	0	0	8
chr2.127701100.+	165	31	0	0	0
chr2.130182000.+	3	2	0	0	0
chr2.136137697.+	2624	2985	323	159	11
chr2.141534166.+	180	86	0	0	0
chr2.142505628.+	1	0	0	0	0
chr2.143323808.+	6	0	0	0	0
chr2.152485681.+	107	31	0	0	0
chr2.16441206.+	193	140	0	0	0
chr2.167148939.+	53	17	0	0	0
chr2.173812218.+	1	0	0	0	0
chr2.174493876.+	25	13	49	0	0
chr2.176407523.+	1	0	0	0	0
chr2.177165050.+	26	12	0	0	0
chr2.178479591.+	39	1782	38	29	40
chr2.180101035.+	79	67	0	0	0
chr2.181421162.+	7	5	0	0	0
chr2.189763064.+	52	68	456	0	64
chr2.191021232.+	24	0	0	0	0
chr2.200509406.+	50	7	0	0	0
chr2.200865433.+	13	2	0	0	0
chr2.213121444.+	82	143	0	0	0
chr2.218285967.+	168	13	0	0	25
chr2.226030663.+	102	0	0	0	0
chr2.230879253.+	28	0	0	0	0
chr2.28750310.+	22	0	0	0	0
chr2.28751910.+	35	0	0	0	0
chr2.36967929.+	111	7	0	0	0
chr2.47315785.+	31	0	0	0	0
chr2.49940704.+	157	491	19	36	0
chr2.54588581.+	3	0	0	0	0
chr2.55103237.+	1	14	0	0	0
chr2.58728114.+	26	0	0	0	0
chr2.58895879.+	899	801	0	86	0
chr2.6878268.+	18	0	0	0	0
chr2.7004533.+	94	118	16	9	0
chr2.74620548.+	157	125	0	0	0
chr2.8432401.+	9	0	0	0	0
chr2.84890077.+	16	19	0	0	0
chr2.85615970.+	41	0	0	0	0
chr2.8669860.+	1	0	0	0	0
chr2.87455826.+	4	4	6	0	0
chr2.96758783.+	641	643	16	36	0
chr2.9680957.+	2	0	0	0	0
chr20.2524717.-	14	101	2120	23	0
chr20.32673847.-	356	622	216	0	0
chr20.35244623.-	2	0	0	0	0
chr20.35447187.-	8	1	0	0	0
chr20.4013981.-	79	0	0	0	0
chr20.48858658.-	46	0	0	0	0
chr20.53595892.-	33	7	0	0	0
chr20.53624157.-	528	260	7	1	11
chr20.53643976.-	118	75	0	0	0
chr20.53749205.-	147	107	0	0	0
chr20.57479688.-	44	14	0	0	0
chr20.57629477.-	21	0	0	0	0
chr20.588078.-	10	0	0	0	0
chr20.60046729.-	1491	2146	1690	101	4
chr20.8602431.-	1312	1434	1898	114	77
chr20.9161912.-	6	178	76	18	0
chr20.17970804.+	109	129	0	0	0
chr20.22162465.+	118	998	4	0	25
chr20.24376614.+	98	56	0	0	0
chr20.32672384.+	133	5982	2163	28	34
chr20.3404180.+	2	0	0	0	0
chr20.35769966.+	66	29	1481	0	25
chr20.38611722.+	1	0	0	0	0
chr20.4013189.+	40	57	0	0	1
chr20.43765128.+	1	0	0	0	0
chr20.47509130.+	33	4	0	0	0
chr20.50484244.+	75	4	0	0	0
chr20.50746947.+	27	107	0	0	0
chr20.53641547.+	845	541	1172	0	142
chr20.53678624.+	3941	4171	1482	193	128
chr20.53752130.+	110	114	0	0	0
chr20.53754660.+	316	287	1362	0	31
chr20.53879837.+	153	110	0	0	4
chr20.5653721.+	65	51	0	1	0
chr21.14483353.-	12	199	0	0	0
chr21.14543245.-	42	103	0	0	0
chr21.15274758.-	608	118	0	0	0
chr21.25934914.-	2	0	0	0	0
chr21.29171790.-	19	219	0	45	0
chr21.34893184.-	5	66	0	0	6
chr21.37235189.-	1	1	0	0	0
chr21.38793652.-	1	0	0	0	0
chr21.41923562.-	36	63	0	0	0
chr21.42063064.-	473	309	0	0	0
chr21.42188211.-	52	872	0	201	0
chr21.42502991.-	1	0	0	0	0
chr21.15731396.+	1	61	0	0	0
chr21.20590731.+	48	4	0	0	0
chr21.34965896.+	37	0	0	0	29
chr21.5103663.+	16	290	4	15	2
chr22.16600382.-	3	0	0	0	0
chr22.17629560.-	1	0	0	0	0
chr22.20393496.-	1	0	0	0	0
chr22.24141521.-	539	239	19	0	6
chr22.28802467.-	20	0	0	0	0
chr22.30605885.-	13	1	0	0	0
chr22.36386445.-	19	81	0	0	0
chr22.37267334.-	6	0	0	0	0
chr22.37282870.-	59	97	2655	60	0
chr22.38400418.-	1	0	0	0	0
chr22.40059503.-	92	12	0	0	33
chr22.40215807.-	2908	2075	4878	323	361
chr22.50192117.-	21	19	0	12	0
chr22.50309362.-	39	0	0	0	19
chr22.26316666.+	1	0	0	0	0
chr22.31216660.+	21	0	0	0	0
chr22.36376096.+	1	0	0	0	0
chr22.36542818.+	1	0	0	0	0
chr22.37281643.+	638	515	0	60	0
chr22.37281887.+	17	0	0	0	0
chr22.37485619.+	16	0	0	0	0
chr22.42382282.+	1	0	0	0	0
chr22.42443689.+	800	6859	258	167	104
chr22.46004768.+	13	0	0	0	0
chr22.50084864.+	2070	1960	816	81	32
chr22.50086256.+	760	276	776	118	0
chr22.50538289.+	201	1160	708	16	59
chr3.100089110.-	9	46	0	0	0
chr3.101828570.-	7	0	0	0	0
chr3.10198913.-	12	1	0	0	0
chr3.109338093.-	153	44	0	0	0
chr3.127801791.-	12	15	0	0	0
chr3.15030073.-	1	0	0	0	0
chr3.151238005.-	2	0	0	0	0
chr3.151873789.-	73	83	0	0	0
chr3.156818833.-	28	0	0	0	0
chr3.171290508.-	82	36	0	0	0
chr3.17323545.-	41	9	0	0	0
chr3.183343111.-	601	487	1	35	0
chr3.191259289.-	44	57	0	0	0
chr3.194683655.-	312	281	0	0	0
chr3.195259364.-	679	182	0	52	0
chr3.29353982.-	2	0	0	0	0
chr3.4500337.-	151	21	0	0	49
chr3.48685778.-	178	164	249	0	0
chr3.50228088.-	60	3	2548	0	0
chr3.50235552.-	254	109	897	16	15
chr3.50338315.-	49	8	1106	0	5
chr3.52054253.-	16	0	0	0	0
chr3.52282919.-	1	28	0	0	0
chr3.53269532.-	5	17	0	0	0
chr3.58350908.-	42	7	0	0	0
chr3.60606424.-	1	0	0	0	0
chr3.63991036.-	218	206	0	0	0
chr3.69325385.-	290	193	0	32	0
chr3.69370982.-	3118	1807	2404	181	51
chr3.72309201.-	1	1	0	0	0
chr3.100105272.+	72	49	0	0	0
chr3.108089371.+	1	19	0	0	0
chr3.108242322.+	1	0	0	0	0
chr3.114942770.+	6	31	0	0	0
chr3.122565190.+	6	0	0	7	0
chr3.129627362.+	4	278	0	0	0
chr3.130850037.+	150	40	0	0	0
chr3.141411680.+	7	239	0	0	0
chr3.141486528.+	23	26	0	0	0
chr3.150547415.+	30	20	0	0	0
chr3.152192889.+	722	634	85	1	23
chr3.15799065.+	311	1322	271	1	1
chr3.158357797.+	33	0	0	0	0
chr3.168048286.+	105	527	2154	28	18
chr3.25667129.+	72	62	0	0	0
chr3.28171640.+	39	1	0	0	0
chr3.3191574.+	27	189	0	0	0
chr3.36908952.+	239	230	36	0	25
chr3.38150757.+	236	20	0	0	0
chr3.45552440.+	576	1039	0	0	16
chr3.46695072.+	66	32	909	160	114
chr3.49239316.+	57	50	0	0	0
chr3.49345588.+	18	1	0	0	0
chr3.49417272.+	236	354	0	25	8
chr3.50622280.+	377	1738	976	1	16
chr3.69084180.+	215	223	0	48	0
chr3.78559751.+	9	0	0	0	0
chr3.87823345.+	2019	1912	4139	31	139
chr3.94462345.+	109	97	0	52	0
chr4.123421860.-	87	257	0	0	25
chr4.138023483.-	8	1	0	0	0
chr4.145880334.-	41	0	0	0	0
chr4.147706337.-	1	0	0	0	0
chr4.150865793.-	1	0	0	0	0
chr4.150997773.-	7	6	0	0	0
chr4.153441528.-	106	96	0	0	0
chr4.153664414.-	2	0	0	0	0
chr4.155675282.-	315	90	690	39	0
chr4.168319418.-	70	1	68	0	0
chr4.16894145.-	441	440	0	3	0
chr4.184684379.-	4	0	0	0	0
chr4.185178574.-	915	2170	1166	11	10
chr4.38663006.-	340	840	87	25	0
chr4.56821243.-	86	1	0	0	0
chr4.80073843.-	46	7	0	0	0
chr4.80185063.-	680	764	695	43	102
chr4.83387441.-	6	0	0	0	0
chr4.88845319.-	8	15	0	0	0
chr4.89889471.-	141	129	0	3	0
chr4.10690881.+	1	0	0	0	0
chr4.108450787.+	1	0	0	0	0
chr4.121265656.+	240	21	0	0	0
chr4.136112665.+	35	117	0	0	0
chr4.142644348.+	138	301	2394	203	60
chr4.14992498.+	5	0	0	0	0
chr4.15761815.+	432	196	0	9	2
chr4.165326678.+	2	37	0	0	0
chr4.171032084.+	288	523	25	0	0
chr4.39030717.+	45	143	0	0	0
chr4.40198376.+	49	167	0	0	0
chr4.48202788.+	33	474	0	30	0
chr4.58867322.+	1	0	0	0	0
chr4.61987308.+	1	0	0	0	0
chr4.70842517.+	1	0	0	0	0
chr4.71006930.+	173	233	0	0	0
chr4.88377930.+	86	2	0	0	0
chr4.89493684.+	24	0	0	0	0
chr4.90148113.+	1	0	0	0	0
chr5.112341700.-	1	0	0	0	0
chr5.126777746.-	40	0	0	0	0
chr5.131263296.-	1043	1402	9774	3	38
chr5.132047516.-	2	0	0	0	0
chr5.132468786.-	285	1832	14	47	1
chr5.132495164.-	13	0	0	0	0
chr5.138081936.-	16	94	0	0	0
chr5.139389444.-	4	0	0	0	0
chr5.139393550.-	2923	1059	1420	141	178
chr5.139662172.-	14	0	0	0	0
chr5.14155442.-	6	14	0	0	0
chr5.141849324.-	428	909	0	11	0
chr5.141969624.-	364	907	0	55	42
chr5.149345863.-	84	0	0	0	0
chr5.157110199.-	109	1346	409	5	15
chr5.157177051.-	1	0	0	0	0
chr5.17682420.-	1	0	0	0	0
chr5.177507858.-	97	62	0	0	0
chr5.39076250.-	2274	1881	551	143	171
chr5.39176590.-	15	14	0	0	0
chr5.71034024.-	6	0	0	0	0
chr5.77232007.-	1	10	0	0	0
chr5.78485767.-	1845	3570	757	170	94
chr5.78485998.-	764	327	0	0	0
chr5.80256937.-	294	209	156	0	0
chr5.81421912.-	624	494	0	53	2
chr5.88733044.-	6	0	0	0	0
chr5.89212940.-	1	0	0	0	0
chr5.91378301.-	38	23	0	0	0
chr5.119340825.+	13	50	0	0	0
chr5.131357066.+	44	8	304	0	0
chr5.132468401.+	124	683	46	0	7
chr5.139387194.+	72	157	0	0	0
chr5.139706605.+	831	866	105	99	20
chr5.140846482.+	10	0	0	0	0
chr5.142133879.+	18	536	683	0	0
chr5.149952699.+	1	0	0	0	0
chr5.150081476.+	395	143	0	0	33
chr5.157263373.+	543	450	0	0	0
chr5.157858367.+	72	60	0	0	0
chr5.159459747.+	29	54	0	0	0
chr5.160798359.+	336	404	0	0	28
chr5.165670902.+	1	0	0	0	0
chr5.170298726.+	3	20	0	0	0
chr5.171601629.+	92	45	0	0	8
chr5.172108692.+	9	5	0	0	0
chr5.33713552.+	35	17	0	0	0
chr5.372901.+	48	65	0	0	0
chr5.40440921.+	13	203	0	0	19
chr5.42991597.+	96	747	0	0	0
chr5.56049785.+	117	203	0	0	0
chr5.62580070.+	659	1698	650	81	3
chr5.66143742.+	7	0	0	0	0
chr5.67352205.+	24	12	0	0	0
chr5.69150385.+	1	0	0	0	0
chr5.78548572.+	68	13	0	0	0
chr5.82734784.+	2	0	0	0	0
chr5.90021890.+	4	0	0	0	0
chr5.96807626.+	24	0	0	0	0
chr6_GL000256v2_alt.4011508.-	1	1	0	0	0
chr6.11393495.-	349	171	2781	68	39
chr6.116454138.-	875	849	2	33	0
chr6.116478546.-	14	0	0	0	0
chr6.142379113.-	250	189	3	0	1
chr6.144350130.-	16	0	0	0	0
chr6.147195632.-	382	87	0	0	0
chr6.149688493.-	1	0	0	0	0
chr6.15300550.-	1360	2359	1187	125	2
chr6.156232796.-	19	109	0	0	0
chr6.166311948.-	1	0	0	0	0
chr6.168023451.-	1	0	0	0	0
chr6.17910035.-	179	1225	2525	26	0
chr6.23716724.-	1	0	0	0	0
chr6.37431445.-	28	37	0	0	0
chr6.41656367.-	262	5116	709	28	8
chr6.56715158.-	582	2170	0	192	162
chr6.57184434.-	3	0	0	0	0
chr6.106327032.+	396	596	0	0	0
chr6.106518542.+	57	5	0	0	0
chr6.111795466.+	58	8	6	0	0
chr6.119049233.+	4	0	0	0	0
chr6.12944506.+	105	25	0	0	0
chr6.131606232.+	2	0	0	0	0
chr6.135185795.+	1	116	0	0	0
chr6.135280212.+	2	46	0	0	0
chr6.136563492.+	8	71	0	0	0
chr6.138196968.+	1	0	0	0	0
chr6.146829130.+	520	410	5	5	0
chr6.156151179.+	1	8	0	0	0
chr6.158647144.+	425	404	495	3	80
chr6.158686435.+	744	536	0	11	2
chr6.22063426.+	158	119	0	0	0
chr6.23173077.+	1	0	0	0	0
chr6.25052517.+	128	151	0	0	0
chr6.25404955.+	45	0	548	0	0
chr6.26185631.+	12	8	0	0	0
chr6.2764047.+	1	0	0	0	0
chr6.34820186.+	1169	461	784	8	1
chr6.41071600.+	36	53	0	0	0
chr6.44219326.+	16	0	0	0	0
chr6.46654694.+	57	0	0	0	0
chr6.90285069.+	24	24	0	0	0
chr6.95198951.+	2	2	0	0	0
chr7_KI270803v1_alt.367859.-	58	14	4	0	1
chr7.101740380.-	378	196	3	29	0
chr7.101754934.-	8	2	0	0	0
chr7.106658976.-	71	241	0	0	10
chr7.112941505.-	10	0	0	0	0
chr7.115412094.-	64	6	0	0	0
chr7.128532733.-	57	216	18	53	0
chr7.135574899.-	56	290	0	0	0
chr7.142384263.-	6	2	0	0	0
chr7.151539379.-	110	0	0	0	0
chr7.15224097.-	33	0	0	0	0
chr7.23346099.-	24	355	0	0	0
chr7.37351923.-	42	65	0	0	0
chr7.38350849.-	123	11	0	0	12
chr7.44978448.-	51	66	0	0	0
chr7.5457425.-	829	1034	10	54	0
chr7.5458335.-	246	11	0	0	35
chr7.68214488.-	1	0	0	0	0
chr7.72080778.-	134	1333	1098	3	0
chr7.73527949.-	229	2	137	0	0
chr7.74270542.-	54	58	0	0	0
chr7.77194106.-	99	221	29	40	1
chr7.81887728.-	12	0	0	0	0
chr7.925721.-	17	51	0	0	0
chr7.94233537.-	70	176	0	0	89
chr7.99104119.-	1	0	0	0	0
chr7.10268895.+	966	753	1533	26	1
chr7.116098146.+	1	57	0	0	0
chr7.130442015.+	135	162	0	36	0
chr7.131553666.+	100	358	670	0	8
chr7.134955336.+	1	0	0	0	0
chr7.142457105.+	1	13	0	0	0
chr7.1507711.+	81	0	0	0	0
chr7.154949577.+	2	0	0	0	0
chr7.155932390.+	138	25	0	0	0
chr7.157301298.+	118	38	0	0	0
chr7.1889338.+	2	0	0	0	0
chr7.26554343.+	10	48	0	0	0
chr7.37405884.+	1	13	0	0	0
chr7.38361544.+	1	0	0	0	0
chr7.48390519.+	2	75	0	0	0
chr7.5080315.+	1	0	0	0	0
chr7.5432276.+	1	0	0	0	0
chr7.5456993.+	128	144	0	0	0
chr7.5532534.+	24	0	0	0	0
chr7.6739497.+	1	7	0	0	0
chr7.72079334.+	42	0	0	0	0
chr7.74173439.+	54	3	0	0	0
chr7.80138319.+	3497	2809	8378	149	75
chr7.80925482.+	62	39	0	2	0
chr7.88472253.+	1	0	0	0	0
chr7.92719904.+	6	0	0	0	0
chr7.94161588.+	63	67	0	8	0
chr8.101574026.-	201	50	4197	0	0
chr8.107301535.-	13	0	0	0	0
chr8.107303603.-	8	1	0	0	0
chr8.107460861.-	39	387	0	0	0
chr8.107494374.-	289	1291	0	43	29
chr8.109540953.-	234	235	0	0	3
chr8.11892269.-	1	0	0	0	0
chr8.123549601.-	8	17	0	0	0
chr8.133053852.-	9	1373	1630	181	56
chr8.143189886.-	72	1450	1452	10	12
chr8.14756368.-	1	0	0	0	0
chr8.19208763.-	260	186	0	3	6
chr8.27364342.-	379	345	78	14	18
chr8.28372233.-	1	0	0	0	0
chr8.30092892.-	105	175	0	0	0
chr8.59337888.-	973	602	58	0	0
chr8.65923938.-	5	20	0	0	0
chr8.74058757.-	1	0	0	0	0
chr8.78420620.-	2	0	0	0	0
chr8.80121769.-	1	121	0	0	0
chr8.83139367.-	1	14	0	0	0
chr8.96990395.-	554	501	0	32	0
chr8.99619314.-	59	7	0	0	0
chr8.120288998.+	105	18	0	25	0
chr8.120430144.+	1	0	0	0	0
chr8.142042698.+	13	18	0	0	0
chr8.143454556.+	1	0	0	0	0
chr8.16610863.+	133	170	643	0	4
chr8.17922418.+	14	0	0	0	0
chr8.22473931.+	1	0	0	0	0
chr8.22540249.+	1135	928	1696	0	0
chr8.35250602.+	5	0	0	0	0
chr8.42542058.+	55	264	0	0	4
chr8.49253018.+	825	443	0	100	51
chr8.58658556.+	131	136	0	0	0
chr8.58882816.+	61	1170	2459	4	85
chr8.6816807.+	5	66	0	0	0
chr8.69572922.+	1	0	0	0	0
chr8.70404379.+	106	0	0	0	0
chr9.104748767.-	163	14	0	0	0
chr9.109150351.-	1	0	0	0	0
chr9.113350785.-	6	78	0	0	0
chr9.120994353.-	1	0	0	0	0
chr9.123036241.-	21	3	17	0	0
chr9.124660134.-	4	6	0	0	0
chr9.125647250.-	70	9	0	0	0
chr9.128078369.-	86	49	0	2	0
chr9.128683987.-	2	0	0	0	1
chr9.128688682.-	77	51	0	0	0
chr9.129460879.-	8	15	0	0	0
chr9.130046230.-	562	627	0	70	2
chr9.131080472.-	1	0	0	0	0
chr9.136618664.-	121	6	0	0	0
chr9.136647669.-	129	795	43	60	0
chr9.136647706.-	14	6	0	0	0
chr9.20385841.-	24	0	0	0	0
chr9.36484915.-	15	0	0	0	0
chr9.37848856.-	1	0	0	0	0
chr9.40095580.-	1	0	0	0	0
chr9.68887194.-	438	565	0	0	0
chr9.76166585.-	111	141	0	5	0
chr9.7800293.-	11	80	0	0	0
chr9.83758632.-	1	0	0	0	0
chr9.94898072.-	1	0	0	0	0
chr9.9902064.-	114	58	0	0	0
chr9.99031802.-	147	318	54	2	0
chr9.105862114.+	34	274	0	0	0
chr9.114615836.+	21	73	1	0	0
chr9.123956520.+	1	1	0	0	0
chr9.124922110.+	511	1743	47	109	46
chr9.124922433.+	2	12	0	0	0
chr9.124969961.+	190	109	0	0	0
chr9.126533542.+	66	36	0	0	0
chr9.128899812.+	746	266	249	0	0
chr9.129862825.+	1	3	0	0	0
chr9.129864411.+	148	39	0	0	0
chr9.15296114.+	6	18	0	0	0
chr9.3171841.+	305	243	0	0	79
chr9.3175161.+	13	0	0	0	1
chr9.33044702.+	593	657	0	0	0
chr9.3507783.+	855	3662	2937	171	145
chr9.35932658.+	37	8	0	0	0
chr9.5844069.+	411	1022	906	0	0
chr9.5846498.+	562	464	0	3	0
chr9.71898142.+	2	58	0	0	0
chr9.74343522.+	1	0	0	0	0
chr9.76652350.+	6	0	0	0	0
chr9.76656488.+	631	901	791	0	16
chr9.77979182.+	53	30	0	0	0
chr9.89999824.+	70	0	0	0	0
chr9.91714057.+	409	352	3128	48	15
chr9.92294118.+	9	0	0	0	0
chr9.93065634.+	29	57	0	0	0
chr9.9846306.+	7	0	0	0	0
chrX.109706403.-	72	105	0	9	0
chrX.12801686.-	1	0	0	0	0
chrX.129774075.-	116	61	0	11	0
chrX.130172969.-	300	1301	854	20	54
chrX.13081882.-	470	273	3315	0	150
chrX.136495901.-	127	98	0	0	1
chrX.136772877.-	98	144	0	26	0
chrX.154098234.-	130	2129	5998	53	2
chrX.154377931.-	36	213	0	0	0
chrX.15978031.-	106	12	82	0	0
chrX.18831261.-	1	0	0	0	0
chrX.19743860.-	46	0	0	0	0
chrX.24693426.-	12	0	0	0	0
chrX.39908785.-	9	0	0	15	0
chrX.44652312.-	1	0	0	0	0
chrX.47561297.-	289	645	0	1	13
chrX.105871480.+	1	0	0	0	0
chrX.121671433.+	1	0	0	0	0
chrX.124378731.+	57	93	0	0	0
chrX.124383173.+	650	1841	26	23	33
chrX.12958472.+	273	75	0	0	0
chrX.13240120.+	83	98	0	98	0
chrX.13417074.+	19	0	0	0	0
chrX.136744367.+	67	7	0	0	0
chrX.140951953.+	1	0	0	0	0
chrX.153974614.+	738	615	1229	13	0
chrX.44542701.+	312	235	1	0	0
chrX.79096944.+	467	113	0	6	0
chrX.79154261.+	110	275	0	0	0
chrX.82758278.+	3435	2704	1254	466	158
chrY.17484006.+	1	0	0	0	0
chr1.108610817.-	0	1	0	0	0
chr1.108644389.-	0	108	0	0	0
chr1.112394008.-	0	1	0	0	0
chr1.120122516.-	0	1	0	0	0
chr1.145284732.-	0	1	0	0	0
chr1.147047110.-	0	2	0	0	0
chr1.151285551.-	0	1	0	0	0
chr1.155307953.-	0	1963	24083	708	368
chr1.186839380.-	0	112	0	0	0
chr1.198668727.-	0	2	0	0	0
chr1.203470976.-	0	1	0	0	0
chr1.203673497.-	0	26	0	0	0
chr1.206012780.-	0	16	2677	14	13
chr1.209455697.-	0	1	0	0	0
chr1.230270111.-	0	263	12	1	0
chr1.231973204.-	0	1	0	0	0
chr1.23635684.-	0	2	148	0	1
chr1.248858642.-	0	18	0	0	0
chr1.32556340.-	0	1	0	0	0
chr1.41772440.-	0	61	1009	0	0
chr1.42528048.-	0	1	0	0	0
chr1.42673878.-	0	7	0	9	16
chr1.45838282.-	0	1	0	0	0
chr1.61639891.-	0	139	0	0	0
chr1.9645415.-	0	291	0	3	23
chr1.149177611.+	0	1	0	0	0
chr1.153967051.+	0	2	0	0	0
chr1.155129043.+	0	148	0	1	0
chr1.155593183.+	0	1	0	0	0
chr1.156258196.+	0	35	0	24	0
chr1.15974728.+	0	2	0	0	0
chr1.17519670.+	0	1	0	0	0
chr1.180887032.+	0	1	0	0	0
chr1.19200470.+	0	1	0	0	0
chr1.204495423.+	0	19	472	22	38
chr1.211258181.+	0	171	0	0	1
chr1.212469551.+	0	1	0	0	0
chr1.220346429.+	0	1	0	0	0
chr1.223272107.+	0	1	0	0	0
chr1.236286518.+	0	1	0	0	0
chr1.24376236.+	0	1	0	0	0
chr1.246781721.+	0	1	0	0	0
chr1.24692137.+	0	1	0	0	0
chr1.26542818.+	0	15	0	6	0
chr1.26695052.+	0	219	2053	78	0
chr1.31957460.+	0	29	4374	473	295
chr1.33281886.+	0	410	2	4	0
chr1.37471876.+	0	2	0	0	0
chr1.41738840.+	0	2	0	0	0
chr1.45523296.+	0	1	0	0	0
chr1.46367909.+	0	2	0	0	0
chr1.54734250.+	0	1	0	0	0
chr1.6132986.+	0	1	0	0	0
chr1.84692627.+	0	288	0	120	0
chr1.89196917.+	0	6	2103	324	243
chr1.92461470.+	0	346	5	14	49
chr10.104001900.-	0	1	0	0	0
chr10.114824499.-	0	418	3055	29	0
chr10.125912773.-	0	1	0	0	0
chr10.12727949.-	0	1	0	0	0
chr10.127718502.-	0	1	0	0	0
chr10.14892914.-	0	1	0	0	0
chr10.29260647.-	0	1	0	0	0
chr10.32347366.-	0	91	0	0	0
chr10.32447076.-	0	49	0	0	0
chr10.48468574.-	0	3453	13580	437	200
chr10.75610834.-	0	2	0	0	0
chr10.87300.-	0	1	0	0	0
chr10.88120731.-	0	470	0	0	0
chr10.110097909.+	0	1	0	0	0
chr10.112415353.+	0	1	0	0	0
chr10.119135260.+	0	2	0	0	0
chr10.124773458.+	0	1	0	0	0
chr10.131898175.+	0	3	0	0	0
chr10.17428172.+	0	9	1296	0	0
chr10.19638580.+	0	66	0	0	0
chr10.25062097.+	0	1	0	0	0
chr10.30484418.+	0	1	0	0	0
chr10.3465479.+	0	29	0	0	0
chr10.36758418.+	0	1	0	0	0
chr10.71048313.+	0	1	0	0	0
chr11.118438213.-	0	164	209	0	0
chr11.12224215.-	0	1	0	24	113
chr11.129951910.-	0	11	0	22	31
chr11.17899744.-	0	1	0	0	0
chr11.36361850.-	0	84	990	65	83
chr11.47060422.-	0	6	0	0	0
chr11.5689542.-	0	1	0	0	0
chr11.57518392.-	0	1	0	0	0
chr11.59488840.-	0	1	0	0	0
chr11.73255916.-	0	1	0	0	0
chr11.73324015.-	0	6	0	0	0
chr11.75340404.-	0	197	830	0	0
chr11.75509815.-	0	1	0	0	0
chr11.126217540.+	0	2	0	0	0
chr11.130243301.+	0	2	0	0	0
chr11.18587583.+	0	110	0	0	29
chr11.60241158.+	0	1	0	0	0
chr11.66942928.+	0	1	0	0	0
chr11.68328319.+	0	28	0	182	32
chr11.72628484.+	0	1	0	0	0
chr11.76952892.+	0	1	0	0	0
chr11.96215991.+	0	54	0	0	0
chr12.108666951.-	0	439	0	0	35
chr12.110861669.-	0	39	0	0	0
chr12.116636252.-	0	57	0	0	0
chr12.11892131.-	0	46	0	0	0
chr12.120437702.-	0	43	0	0	0
chr12.127576902.-	0	1	0	0	0
chr12.16346732.-	0	1	0	0	0
chr12.18209270.-	0	1	0	0	0
chr12.25351719.-	0	1	0	0	0
chr12.27897789.-	0	2	0	0	0
chr12.38871842.-	0	25	0	0	0
chr12.48148799.-	0	1	0	0	0
chr12.57896923.-	0	151	0	0	0
chr12.62264316.-	0	84	0	0	0
chr12.68649915.-	0	1	0	0	0
chr12.71685501.-	0	1	0	0	0
chr12.93784214.-	0	12	0	0	0
chr12.96209111.-	0	19	0	0	0
chr12.9732181.-	0	657	1610	188	3
chr12.116538647.+	0	178	0	0	0
chr12.118314782.+	0	143	0	19	0
chr12.14962802.+	0	212	0	0	28
chr12.24975141.+	0	1	0	0	0
chr12.27102195.+	0	1	0	0	0
chr12.45215968.+	0	31	0	0	0
chr12.65279601.+	0	1	0	0	0
chr12.6812591.+	0	23	0	0	0
chr12.88434726.+	0	273	0	9	0
chr12.94123673.+	0	6	0	0	0
chr12.94985870.+	0	1	0	0	0
chr13.103162970.-	0	1	0	0	0
chr13.19884486.-	0	1	0	0	0
chr13.28119838.-	0	1	0	0	0
chr13.40734689.-	0	1	0	0	0
chr13.48571999.-	0	2	0	0	0
chr13.49620365.-	0	40	37	0	0
chr13.71613646.-	0	5	0	0	0
chr13.77767155.-	0	80	0	0	0
chr13.84299807.-	0	1	0	0	0
chr13.21476619.+	0	1	0	0	0
chr13.48186273.+	0	2	0	0	0
chr13.67764650.+	0	10	0	72	25
chr13.95172859.+	0	1	0	0	0
chr13.98641507.+	0	1	0	0	0
chr13.99500657.+	0	1571	0	19	0
chr14.102312600.-	0	1	0	0	0
chr14.22543788.-	0	1	0	0	0
chr14.22990652.-	0	1	0	0	0
chr14.34045195.-	0	1	0	0	0
chr14.47220216.-	0	69	0	0	0
chr14.68797209.-	0	14	999	22	139
chr14.97932582.-	0	1	0	0	0
chr14.35368272.+	0	334	473	67	35
chr14.59563960.+	0	4	0	0	0
chr14.83727021.+	0	1	0	0	0
chr14.97015845.+	0	1	0	0	0
chr15.49293929.-	0	1	0	0	0
chr15.73983293.-	0	2	0	0	0
chr15.74844994.-	0	5	0	0	0
chr15.75891579.-	0	2	0	0	0
chr15.100303794.+	0	1	0	0	0
chr15.24937075.+	0	1	0	0	0
chr15.40100189.+	0	225	0	25	0
chr15.44416528.+	0	1	0	0	0
chr15.50606725.+	0	1	0	0	0
chr15.52419286.+	0	173	0	0	0
chr15.68818023.+	0	952	0	58	24
chr15.88711135.+	0	1	0	0	0
chr15.89164725.+	0	1	0	0	0
chr15.93354774.+	0	2	0	0	0
chr16_KI270853v1_alt.1966091.-	0	1	0	0	0
chr16_KI270853v1_alt.1328960.+	0	4	0	0	0
chr16_KI270853v1_alt.1733427.+	0	2	0	0	0
chr16.27403488.-	0	727	1218	19	0
chr16.28187705.-	0	218	0	0	0
chr16.31550013.-	0	1	0	0	0
chr16.35395644.-	0	1	0	0	0
chr16.53097671.-	0	16	0	0	0
chr16.53108677.-	0	3	0	0	0
chr16.54051867.-	0	1	0	0	0
chr16.54868755.-	0	4	0	0	0
chr16.56296053.-	0	35	0	0	0
chr16.58648113.-	0	1	0	0	0
chr16.70310793.-	0	1	0	0	0
chr16.74798909.-	0	1	0	0	0
chr16.81791991.-	0	3	0	0	0
chr16.85483907.-	0	18	0	2	0
chr16.87341458.-	0	1	0	0	0
chr16.15670949.+	0	3	0	0	0
chr16.18404046.+	0	1	0	0	0
chr16.19702877.+	0	1	0	0	0
chr16.2009126.+	0	1063	10549	605	679
chr16.20909356.+	0	5	0	0	0
chr16.209236.+	0	1	0	0	0
chr16.23863120.+	0	32	0	0	0
chr16.24708394.+	0	1	0	0	0
chr16.29154010.+	0	1	0	10	0
chr16.401203.+	0	15	0	0	0
chr16.57533520.+	0	186	2528	221	104
chr16.68131466.+	0	1	0	0	0
chr16.71811172.+	0	168	0	14	0
chr16.81573289.+	0	1	0	0	0
chr16.81763889.+	0	3	0	0	0
chr16.86113861.+	0	1	0	0	0
chr17.10021297.-	0	1	0	0	0
chr17.17759773.-	0	1	0	0	0
chr17.2076438.-	0	110	3090	0	0
chr17.47659954.-	0	1	0	0	0
chr17.47822606.-	0	24	0	0	0
chr17.49159524.-	0	1	0	0	0
chr17.57514209.-	0	323	0	23	0
chr17.64985845.-	0	52	0	0	0
chr17.67841273.-	0	30	0	0	0
chr17.68509985.-	0	4	13336	647	364
chr17.75993860.-	0	2	0	0	0
chr17.78260022.-	0	6	0	0	0
chr17.80856361.-	0	1899	0	35	0
chr17.11376413.+	0	1	0	0	0
chr17.17759770.+	0	4986	108	74	19
chr17.28793880.+	0	1	0	0	0
chr17.34981600.+	0	1066	1178	62	30
chr17.4378068.+	0	1	0	0	0
chr17.59831095.+	0	618	6208	617	644
chr17.77345233.+	0	1	0	0	0
chr17.78716254.+	0	7	0	0	0
chr17.81455683.+	0	4	0	0	0
chr17.82457797.+	0	815	1837	5	4
chr18.1768680.-	0	78	0	0	0
chr18.23867327.-	0	150	0	11	51
chr18.3622874.-	0	1	0	0	0
chr18.49054372.-	0	3	0	0	0
chr18.58686162.-	0	1	0	0	0
chr18.70903997.+	0	15	0	0	0
chr18.79462439.+	0	1	0	0	0
chr19.12883069.-	0	1	0	0	0
chr19.14248424.-	0	209	0	0	0
chr19.18020146.-	0	671	0	46	29
chr19.18024378.-	0	1	0	0	0
chr19.18291006.-	0	72	0	0	8
chr19.18401079.-	0	11	945	267	36
chr19.2695047.-	0	86	0	0	0
chr19.30706351.-	0	2	0	0	0
chr19.3267128.-	0	2	0	0	0
chr19.4090243.-	0	1	0	0	0
chr19.41368159.-	0	31	0	0	0
chr19.47255303.-	0	1	0	1	0
chr19.12791322.+	0	17	0	0	0
chr19.12937190.+	0	20	2512	62	146
chr19.18024375.+	0	5112	2071	166	156
chr19.18025497.+	0	2	0	0	0
chr19.18291003.+	0	2	0	0	0
chr19.2903365.+	0	2	0	0	0
chr19.29261990.+	0	1	0	0	0
chr19.31808179.+	0	1	0	0	0
chr19.41878279.+	0	1	0	0	0
chr19.47147679.+	0	1	0	0	0
chr19.47253056.+	0	1	0	0	0
chr19.47472189.+	0	1	0	0	0
chr19.5829524.+	0	104	0	0	0
chr19.703281.+	0	7	337	3	0
chr19.7300857.+	0	1	0	0	0
chr19.8501283.+	0	18	0	0	0
chr2.100531280.-	0	1	0	0	0
chr2.107808555.-	0	1	0	0	0
chr2.112714735.-	0	1	0	0	0
chr2.127154566.-	0	1	0	0	0
chr2.143271578.-	0	1	0	0	0
chr2.144297650.-	0	1	0	0	0
chr2.147829839.-	0	7	0	0	0
chr2.164959694.-	0	1	0	0	0
chr2.177153012.-	0	1	0	0	0
chr2.24973102.-	0	57	14919	794	753
chr2.27468732.-	0	1	0	0	0
chr2.29529936.-	0	234	18	0	0
chr2.32301841.-	0	1	0	0	0
chr2.34739542.-	0	1	0	0	0
chr2.37851664.-	0	51	7	1	35
chr2.39124974.-	0	42	1718	0	0
chr2.43212940.-	0	609	3197	0	0
chr2.61176544.-	0	49	26869	1087	1548
chr2.68735196.-	0	79	284	21	0
chr2.68775771.-	0	38	0	0	0
chr2.79102357.-	0	8	0	0	0
chr2.100743531.+	0	1	0	0	0
chr2.101482122.+	0	1	0	0	0
chr2.105791321.+	0	7	0	0	0
chr2.122359888.+	0	1	0	0	0
chr2.126975125.+	0	374	9589	619	723
chr2.128472107.+	0	15	0	4	0
chr2.144703793.+	0	2	0	0	0
chr2.191541754.+	0	1	0	0	0
chr2.201212945.+	0	10	0	0	0
chr2.219314780.+	0	1	0	0	0
chr2.229823558.+	0	1	0	0	0
chr2.229919836.+	0	22	0	0	0
chr2.239266598.+	0	526	1299	10	40
chr2.25274812.+	0	310	12738	1015	556
chr2.42926032.+	0	7	0	0	0
chr2.53816422.+	0	1	0	0	0
chr2.64905481.+	0	123	0	0	0
chr2.68762394.+	0	642	17915	791	1546
chr2.75632339.+	0	1	0	0	0
chr20.10454042.-	0	1431	6035	1282	523
chr20.10512356.-	0	2	0	9	0
chr20.14908433.-	0	1	0	0	0
chr20.3094756.-	0	62	393	1	32
chr20.3849364.-	0	1	0	0	0
chr20.4154258.-	0	72	0	0	0
chr20.49185977.-	0	1	0	0	0
chr20.55534348.-	0	1	0	0	0
chr20.9164791.-	0	167	0	21	0
chr20.1035054.+	0	379	1	6	22
chr20.10435759.+	0	2845	14772	1043	560
chr20.36574520.+	0	261	489	79	51
chr20.3712703.+	0	4	0	0	0
chr20.37311622.+	0	1	0	0	0
chr21_GL383578v2_alt.42913.+	0	7	0	0	0
chr21.14545760.-	0	153	8	0	0
chr21.38987535.-	0	76	3000	0	13
chr21.39424424.-	0	1	0	0	0
chr21.40296634.-	0	1	0	0	0
chr21.44158255.-	0	8	1	0	0
chr21.14975996.+	0	13	0	0	0
chr21.15278505.+	0	46	0	0	29
chr21.36354458.+	0	1	0	0	0
chr22.18999689.-	0	1	0	0	0
chr22.28234508.-	0	1	0	0	0
chr22.31229200.-	0	166	215	51	0
chr22.31290031.-	0	206	0	0	0
chr22.36553877.-	0	1	0	0	0
chr22.36890769.-	0	1	0	0	0
chr22.40952046.-	0	511	1135	53	1
chr22.45511232.-	0	1	0	0	0
chr22.46612647.-	0	98	0	0	17
chr22.37314096.+	0	3	0	0	0
chr22.39040166.+	0	60	400	67	0
chr22.40952043.+	0	2	0	0	0
chr22.44059231.+	0	5	1738	68	78
chr22.46248964.+	0	1	0	0	0
chr3.152192892.-	0	3	0	0	0
chr3.161767388.-	0	1	0	0	0
chr3.183481094.-	0	1	0	0	0
chr3.23873619.-	0	1	0	0	0
chr3.28131509.-	0	1	0	0	0
chr3.33718986.-	0	4	0	0	0
chr3.46413643.-	0	773	16	2	94
chr3.48472773.-	0	296	0	0	7
chr3.50674693.-	0	1	0	0	0
chr3.66194784.-	0	1	0	0	0
chr3.69955688.-	0	2	0	0	0
chr3.72311232.-	0	14	0	24	21
chr3.72376828.-	0	5	1	0	0
chr3.105870349.+	0	378	1	0	0
chr3.114900353.+	0	128	875	63	17
chr3.119470458.+	0	4	0	0	0
chr3.122142245.+	0	1	0	0	0
chr3.13427283.+	0	1	0	0	0
chr3.136662407.+	0	1	0	0	0
chr3.152656005.+	0	5	7570	170	128
chr3.154719442.+	0	1	0	0	0
chr3.172520124.+	0	29	0	0	0
chr3.17370841.+	0	2	0	0	0
chr3.179563864.+	0	75	0	0	0
chr3.179617174.+	0	1	0	0	0
chr3.189955813.+	0	1	0	0	0
chr3.23805355.+	0	16	0	0	0
chr3.3058498.+	0	51	0	0	0
chr3.36912022.+	0	1	0	0	0
chr3.38474097.+	0	1	0	0	0
chr3.42779080.+	0	1	0	0	0
chr3.47069038.+	0	8	0	0	0
chr3.69160035.+	0	1	0	0	0
chr4.121247421.-	0	2	0	0	0
chr4.139088382.-	0	91	0	0	0
chr4.156797105.-	0	1	0	0	0
chr4.159307742.-	0	1	0	0	0
chr4.188987512.-	0	1	0	0	0
chr4.23350819.-	0	1	0	0	0
chr4.47111666.-	0	1	0	0	0
chr4.56731296.-	0	1	0	0	0
chr4.77012762.-	0	4	0	0	0
chr4.82892268.-	0	21	2146	64	141
chr4.83112201.-	0	6	0	0	4
chr4.86960124.-	0	17	0	0	0
chr4.123601125.+	0	402	3	0	30
chr4.144337514.+	0	20	0	0	0
chr4.163593308.+	0	445	38	2	0
chr4.164798496.+	0	1	0	0	0
chr4.48174001.+	0	2	0	0	0
chr4.81259173.+	0	696	1468	45	62
chr4.99562956.+	0	1	0	0	0
chr5.139286787.-	0	1	0	0	0
chr5.142731903.-	0	6	392	0	0
chr5.147484562.-	0	10	0	0	0
chr5.15503212.-	0	1	0	0	0
chr5.172020693.-	0	1	0	0	0
chr5.375379.-	0	5	0	0	0
chr5.376251.-	0	5	0	0	0
chr5.54065468.-	0	1	0	0	0
chr5.76272068.-	0	47	0	0	0
chr5.80780658.-	0	1	0	0	0
chr5.93650928.-	0	195	0	0	0
chr5.98952101.-	0	1	0	0	0
chr5.101592756.+	0	2	0	0	0
chr5.122076570.+	0	1	0	0	0
chr5.124993958.+	0	1	0	0	0
chr5.164356183.+	0	6	0	0	0
chr5.173383506.+	0	1	0	0	0
chr5.181262045.+	0	154	0	0	0
chr5.21090299.+	0	1	0	0	0
chr5.31386556.+	0	3	0	0	0
chr5.35319314.+	0	1213	35	33	10
chr5.37592935.+	0	1	0	0	0
chr5.76372440.+	0	85	1047	42	27
chr5.76547648.+	0	39	0	17	0
chr5.76622848.+	0	1	0	0	0
chr6_GL000255v2_alt.3453762.-	0	1	0	0	0
chr6_GL000255v2_alt.4591216.+	0	1	0	0	0
chr6.107773502.-	0	1	0	0	0
chr6.130514198.-	0	1	0	0	0
chr6.135323591.-	0	4	0	0	0
chr6.149483424.-	0	1	0	0	0
chr6.159463864.-	0	1	0	0	0
chr6.160984545.-	0	3	0	0	0
chr6.35045958.-	0	2	249	0	0
chr6.4986435.-	0	1	0	0	0
chr6.53026332.-	0	1	0	0	0
chr6.54845454.-	0	4	0	0	0
chr6.68958065.-	0	1	0	0	0
chr6.104498003.+	0	1	0	0	0
chr6.10521297.+	0	7	0	0	0
chr6.105999984.+	0	4	0	0	0
chr6.10644759.+	0	1	0	0	0
chr6.111403454.+	0	1	0	0	0
chr6.143451206.+	0	12	0	0	0
chr6.143672940.+	0	1	0	0	0
chr6.151144526.+	0	1	0	0	0
chr6.158583115.+	0	1	0	0	0
chr6.16468330.+	0	1	0	0	0
chr6.21465766.+	0	27	0	0	0
chr6.34272643.+	0	25	0	88	33
chr6.35727421.+	0	725	593	73	39
chr6.35875458.+	0	1	0	0	0
chr6.3802654.+	0	1	0	0	0
chr6.6653363.+	0	19	0	0	0
chr6.6722962.+	0	100	0	0	0
chr6.68741351.+	0	2	0	0	0
chr6.73575194.+	0	1	0	0	0
chr6.73617589.+	0	1	0	0	0
chr6.75791067.+	0	1	0	0	0
chr7.100128431.-	0	935	0	0	0
chr7.106878681.-	0	4	654	0	0
chr7.127414364.-	0	183	1872	1	0
chr7.128980491.-	0	1	0	0	0
chr7.130125378.-	0	5	0	0	0
chr7.139680358.-	0	7	0	0	0
chr7.148606824.-	0	1	0	0	0
chr7.2510541.-	0	7	0	0	0
chr7.72289789.-	0	6	0	0	0
chr7.74480858.-	0	44	0	0	0
chr7.92698865.-	0	4	0	0	0
chr7.103289040.+	0	1	0	0	0
chr7.105678585.+	0	278	113	14	75
chr7.113642443.+	0	1	0	0	0
chr7.152542984.+	0	3	0	0	0
chr7.23296627.+	0	1	0	0	0
chr7.2405547.+	0	59	0	0	1
chr7.24549053.+	0	1	0	0	0
chr7.40039658.+	0	1	0	0	0
chr7.73521609.+	0	873	1670	314	69
chr7.74211611.+	0	296	638	78	87
chr7.74659497.+	0	17	0	0	0
chr8.101055123.-	0	1	0	0	0
chr8.107071145.-	0	106	0	44	0
chr8.107319276.-	0	48	0	2	0
chr8.123367327.-	0	1	0	0	0
chr8.135179554.-	0	123	1	0	0
chr8.141246084.-	0	31	0	0	0
chr8.142669217.-	0	1	0	0	0
chr8.17045411.-	0	1	0	0	0
chr8.22842963.-	0	3	0	0	0
chr8.38805704.-	0	23	0	0	0
chr8.41532583.-	0	1	0	0	0
chr8.41866267.-	0	1	0	0	0
chr8.60513796.-	0	161	0	9	29
chr8.83040248.-	0	1	0	0	0
chr8.97783176.-	0	1	0	0	0
chr8.12545377.+	0	1	0	0	0
chr8.12757937.+	0	65	0	0	0
chr8.134048472.+	0	1	0	0	0
chr8.143189883.+	0	2	0	0	0
chr8.23230293.+	0	21	0	0	0
chr8.26543726.+	0	1	0	0	0
chr8.57401682.+	0	1	0	0	0
chr8.6691371.+	0	232	0	27	7
chr9.122006110.-	0	1	0	0	0
chr9.123071584.-	0	1	0	0	0
chr9.127857438.-	0	1259	2686	120	6
chr9.131255944.-	0	6	0	0	0
chr9.134066613.-	0	1	3488	22	106
chr9.70438001.-	0	120	0	31	0
chr9.72069894.-	0	7	0	0	0
chr9.97612693.-	0	1	0	0	0
chr9.107669380.+	0	1	0	0	0
chr9.113720178.+	0	1	0	0	0
chr9.124217948.+	0	267	1470	0	67
chr9.127857435.+	0	2	0	0	0
chr9.136326314.+	0	378	291	45	75
chr9.35637426.+	0	10	0	0	0
chr9.39389474.+	0	1	0	0	0
chr9.43408631.+	0	1	0	0	0
chr9.76643833.+	0	742	0	41	2
chr9.89498619.+	0	55	0	0	0
chr9.91531928.+	0	1	0	0	0
chrX_KI270913v1_alt.121988.-	0	1	0	0	0
chrX_KI270913v1_alt.212330.-	0	35	0	0	0
chrX.100384907.-	0	3	0	0	0
chrX.12645491.-	0	1	0	0	0
chrX.132480231.-	0	91	0	0	0
chrX.28121177.-	0	3	0	0	0
chrX.32887612.-	0	3	0	0	0
chrX.72294150.-	0	1	0	0	0
chrX.119683881.+	0	195	6	46	209
chrX.129776606.+	0	84	2087	0	0
chrX.13558804.+	0	1	0	0	0
chrX.154098232.+	0	1	0	0	0
chrX.20439477.+	0	15	8	0	0
chrX.41331413.+	0	148	0	0	0
chr1_GL383520v2_alt.297624.+	0	0	2	2	1
chr1.101261448.-	0	0	2874	286	514
chr1.1166808.-	0	0	1616	542	303
chr1.120574323.-	0	0	2	0	0
chr1.148936070.-	0	0	3	0	0
chr1.155307198.-	0	0	1	0	0
chr1.160641422.-	0	0	1404	577	850
chr1.165480490.-	0	0	1	0	0
chr1.169696685.-	0	0	1349	130	176
chr1.218045960.-	0	0	1	0	0
chr1.235911778.-	0	0	1	16	0
chr1.240498267.-	0	0	2384	11	59
chr1.248148073.-	0	0	1	0	0
chr1.28418729.-	0	0	678	177	178
chr1.45544769.-	0	0	26	0	0
chr1.77650160.-	0	0	1	0	0
chr1.78651600.-	0	0	855	62	10
chr1.115084909.+	0	0	2488	7	14
chr1.143651041.+	0	0	1	0	0
chr1.148936619.+	0	0	7	0	0
chr1.14915135.+	0	0	1	0	0
chr1.156524486.+	0	0	6118	631	283
chr1.160711472.+	0	0	718	19	1
chr1.183632287.+	0	0	84	0	0
chr1.19638934.+	0	0	1	0	0
chr1.207917434.+	0	0	1489	25	104
chr1.208913804.+	0	0	1	0	0
chr1.209755863.+	0	0	939	18	4
chr1.212387914.+	0	0	2	0	0
chr1.234400866.+	0	0	70	95	37
chr1.26288097.+	0	0	7774	114	472
chr1.31162140.+	0	0	1534	384	186
chr1.31162386.+	0	0	1	0	0
chr1.31957498.+	0	0	1	0	0
chr1.37846439.+	0	0	1308	248	148
chr1.39205106.+	0	0	11315	200	462
chr1.42923981.+	0	0	477	1	14
chr1.44672289.+	0	0	692	65	23
chr1.46668824.+	0	0	368	97	122
chr1.6442135.+	0	0	50	72	35
chr1.65171513.+	0	0	1	0	0
chr1.66332604.+	0	0	8083	75	206
chr1.9075044.+	0	0	11828	1468	1879
chr1.9075625.+	0	0	1	0	0
chr10.110208707.-	0	0	6838	620	659
chr10.127932439.-	0	0	1	0	0
chr10.26364415.-	0	0	1	0	0
chr10.26448578.-	0	0	3868	230	115
chr10.48476121.-	0	0	32	116	29
chr10.63235807.-	0	0	276	151	289
chr10.69044092.-	0	0	1937	108	104
chr10.73563722.-	0	0	1	0	0
chr10.74108712.-	0	0	1	0	0
chr10.80089462.-	0	0	4	65	0
chr10.17176319.+	0	0	2362	0	35
chr10.17512428.+	0	0	2131	5	4
chr10.35130432.+	0	0	491	60	0
chr10.37792560.+	0	0	1	0	0
chr10.61767391.+	0	0	2636	0	42
chr10.86336943.+	0	0	1	0	0
chr11.104255808.-	0	0	1	0	0
chr11.118251144.-	0	0	6901	184	212
chr11.122716601.-	0	0	2881	8	55
chr11.30583073.-	0	0	303	9	0
chr11.46319190.-	0	0	3313	312	84
chr11.63960971.-	0	0	1	0	0
chr11.65362085.-	0	0	1	0	0
chr11.65362995.-	0	0	212	0	0
chr11.72793313.-	0	0	82	29	1
chr11.86791541.-	0	0	2990	289	56
chr11.105034593.+	0	0	93	44	3
chr11.115482456.+	0	0	1	0	0
chr11.117099261.+	0	0	2152	0	8
chr11.17239054.+	0	0	1	0	0
chr11.17275981.+	0	0	949	4	0
chr11.33871753.+	0	0	1060	310	185
chr11.46011223.+	0	0	1	0	0
chr11.67404155.+	0	0	8818	1698	3112
chr11.9719911.+	0	0	5	19	4
chr12.110080077.-	0	0	2	23	1
chr12.122775323.-	0	0	2786	72	104
chr12.14960025.-	0	0	611	3	0
chr12.26274681.-	0	0	1	0	0
chr12.46473459.-	0	0	2513	8	0
chr12.6450750.-	0	0	24	52	29
chr12.8466831.-	0	0	1	0	0
chr12.112385684.+	0	0	10	0	0
chr12.116636855.+	0	0	2	61	72
chr12.122884989.+	0	0	466	131	74
chr12.14261572.+	0	0	1	0	0
chr12.31958889.+	0	0	45	0	0
chr12.39038771.+	0	0	1	0	0
chr12.45196447.+	0	0	1	0	0
chr12.47816237.+	0	0	1846	59	0
chr12.50927050.+	0	0	374	8	0
chr12.57895511.+	0	0	247	8	48
chr12.6337045.+	0	0	4404	631	574
chr12.64623564.+	0	0	21973	2755	1772
chr12.9707952.+	0	0	83	3	23
chr13.103080367.-	0	0	1	0	0
chr13.105711721.-	0	0	1	0	0
chr13.27446970.-	0	0	20	18	0
chr13.35163790.-	0	0	4	0	0
chr13.39958436.-	0	0	3167	129	57
chr13.48186767.-	0	0	2197	0	0
chr13.49251070.-	0	0	4767	105	19
chr13.99497027.-	0	0	652	156	76
chr13.30032898.+	0	0	1	0	0
chr13.49401883.+	0	0	1008	0	27
chr13.50910471.+	0	0	2392	559	2139
chr14.25871778.-	0	0	1	0	0
chr14.35287758.-	0	0	1656	243	128
chr14.50041020.-	0	0	1016	267	448
chr14.55131071.-	0	0	1	0	0
chr14.75879026.-	0	0	1	0	0
chr14.100318048.+	0	0	2102	6	47
chr14.24695121.+	0	0	2945	84	0
chr14.35368222.+	0	0	10	202	121
chr14.50451489.+	0	0	1	0	0
chr14.75274548.+	0	0	1	0	0
chr14.97748490.+	0	0	601	0	0
chr15_KI270905v1_alt.1422238.+	0	0	1	0	0
chr15.23748286.-	0	0	1	0	0
chr15.45891277.-	0	0	1	0	0
chr15.78047568.-	0	0	95	0	0
chr15.78069759.-	0	0	12908	422	416
chr15.90035019.-	0	0	977	73	75
chr15.92904626.-	0	0	2	63	125
chr15.97989956.-	0	0	1	0	0
chr15.34319348.+	0	0	1	0	0
chr15.46009501.+	0	0	1	0	0
chr15.58473448.+	0	0	1	0	0
chr15.74782860.+	0	0	3084	523	223
chr15.90037768.+	0	0	1346	37	32
chr15.91104838.+	0	0	2	0	0
chr15.94013962.+	0	0	1	0	0
chr15.98734567.+	0	0	1067	79	1
chr16.1647310.-	0	0	21996	1330	1241
chr16.17369103.-	0	0	955	36	0
chr16.1838789.-	0	0	1	0	0
chr16.27405429.-	0	0	1081	145	67
chr16.27442433.-	0	0	1	0	0
chr16.29660471.-	0	0	220	90	0
chr16.29661593.-	0	0	16728	1730	2839
chr16.3913456.-	0	0	1	0	0
chr16.12354197.+	0	0	2486	16	7
chr16.1432119.+	0	0	19	0	0
chr16.1835035.+	0	0	1	0	0
chr16.20746310.+	0	0	1779	124	4
chr16.2205075.+	0	0	21	24	0
chr16.29661827.+	0	0	52	303	14
chr16.30385359.+	0	0	1	0	0
chr16.3101124.+	0	0	806	38	33
chr16.47494154.+	0	0	206	36	32
chr16.68925171.+	0	0	1	0	0
chr16.75100366.+	0	0	1	0	0
chr16.76824825.+	0	0	1	0	0
chr16.82154267.+	0	0	832	193	310
chr16.85158269.+	0	0	2226	119	238
chr17.19921323.-	0	0	8	0	0
chr17.28661589.-	0	0	9	464	354
chr17.32395583.-	0	0	2	0	0
chr17.5020578.-	0	0	88	16	61
chr17.55281683.-	0	0	8	43	43
chr17.57903663.-	0	0	43	0	0
chr17.59275033.-	0	0	1	6	23
chr17.64396787.-	0	0	4	0	0
chr17.64923513.-	0	0	3	0	0
chr17.64987132.-	0	0	8175	1415	1268
chr17.67444411.-	0	0	16422	1535	2243
chr17.76146105.-	0	0	2623	3	115
chr17.77439400.-	0	0	39	340	178
chr17.82860523.-	0	0	1485	316	131
chr17.82884022.-	0	0	4800	294	198
chr17.16285705.+	0	0	321	0	0
chr17.32085057.+	0	0	15	0	0
chr17.67431367.+	0	0	6024	408	321
chr17.67785096.+	0	0	62191	3732	4323
chr17.69701255.+	0	0	1	0	0
chr17.75646081.+	0	0	866	43	0
chr17.80775264.+	0	0	1784	511	746
chr17.81453211.+	0	0	2	0	0
chr17.82495144.+	0	0	1086	34	59
chr18.2982002.-	0	0	5653	118	117
chr18.3060672.-	0	0	2464	49	115
chr18.67330886.-	0	0	1	0	0
chr18.75210222.-	0	0	204	215	377
chr18.76783386.-	0	0	1	0	0
chr18.5294095.+	0	0	8225	422	283
chr18.62937984.+	0	0	199	54	151
chr18.67814839.+	0	0	1	0	0
chr18.77236046.+	0	0	1	0	0
chr19.10236695.-	0	0	157	46	0
chr19.15465378.-	0	0	5289	185	40
chr19.1904791.-	0	0	766	226	46
chr19.22389824.-	0	0	1	0	0
chr19.24915123.-	0	0	11	0	0
chr19.24919203.-	0	0	2	0	0
chr19.38878449.-	0	0	51	135	81
chr19.47056338.-	0	0	1	0	0
chr19.47111861.-	0	0	31105	5989	5691
chr19.11322842.+	0	0	27	1	4
chr19.16141735.+	0	0	530	340	197
chr19.20052591.+	0	0	5352	205	204
chr19.33646659.+	0	0	1	0	0
chr19.35904415.+	0	0	4307	262	256
chr19.35905212.+	0	0	4524	480	277
chr19.46340240.+	0	0	1	0	0
chr19.57280825.+	0	0	1	0	14
chr2_GL383521v1_alt.123057.+	0	0	1	0	0
chr2.102419742.-	0	0	13936	2047	2283
chr2.105744367.-	0	0	1	0	0
chr2.105744463.-	0	0	763	0	0
chr2.113600242.-	0	0	1	0	0
chr2.123076058.-	0	0	1	0	0
chr2.128218080.-	0	0	7	190	92
chr2.135942700.-	0	0	1	0	0
chr2.163742768.-	0	0	1	0	0
chr2.169473172.-	0	0	1	0	0
chr2.174667520.-	0	0	1327	0	28
chr2.181435565.-	0	0	5123	542	721
chr2.196241870.-	0	0	4053	285	293
chr2.237675845.-	0	0	1159	62	18
chr2.45225437.-	0	0	107	238	56
chr2.63738107.-	0	0	1	0	0
chr2.70133106.-	0	0	50907	3596	5550
chr2.70299011.-	0	0	896	317	254
chr2.88733355.-	0	0	612	55	133
chr2.108624489.+	0	0	1	0	0
chr2.112707232.+	0	0	32	1147	2139
chr2.117395443.+	0	0	1	0	0
chr2.152217368.+	0	0	2	0	0
chr2.201115740.+	0	0	1	1	5
chr2.219210218.+	0	0	8885	433	436
chr2.232564549.+	0	0	1	0	0
chr2.24084055.+	0	0	224	21	22
chr2.37823400.+	0	0	6282	341	287
chr2.42949778.+	0	0	2092	5	0
chr2.43196856.+	0	0	513	0	2
chr2.48406437.+	0	0	4112	92	199
chr2.54003504.+	0	0	1	0	0
chr2.55112782.+	0	0	4238	0	21
chr2.6935096.+	0	0	162	38	0
chr2.74439304.+	0	0	174	0	0
chr2.96224845.+	0	0	2045	490	264
chr20.172371.-	0	0	14	1	8
chr20.23159871.-	0	0	11	130	194
chr20.3091258.-	0	0	2305	132	0
chr20.3094617.-	0	0	1	0	0
chr20.32549372.-	0	0	1	0	0
chr20.3811673.-	0	0	1582	34	145
chr20.38713852.-	0	0	1	0	0
chr20.4865845.-	0	0	1	0	0
chr20.62741137.-	0	0	2763	34	4
chr20.17961482.+	0	0	5131	849	2723
chr20.32672433.+	0	0	1	0	0
chr20.41779978.+	0	0	1	0	0
chr20.53584585.+	0	0	19	3	6
chr20.62142440.+	0	0	831	0	0
chr20.63635363.+	0	0	43	83	49
chr20.8393920.+	0	0	104	75	16
chr21.33976211.-	0	0	1752	0	25
chr21.22710701.+	0	0	376	5	132
chr21.30959075.+	0	0	1	0	3
chr21.39040300.+	0	0	645	444	143
chr21.42513157.+	0	0	1824	26	119
chr22.23531821.-	0	0	1	0	0
chr22.30090892.-	0	0	1	0	0
chr22.31474127.-	0	0	2	0	0
chr22.35400203.-	0	0	3405	84	228
chr22.37604576.-	0	0	6	0	0
chr22.40040078.-	0	0	1026	0	0
chr22.49937620.-	0	0	54	620	589
chr22.20497141.+	0	0	10	0	0
chr22.28808204.+	0	0	4319	190	161
chr22.38388958.+	0	0	1	0	1
chr22.39040182.+	0	0	1	0	0
chr22.39350841.+	0	0	92	217	6
chr22.40130731.+	0	0	32	0	0
chr22.46673631.+	0	0	113	3	19
chr22.46775357.+	0	0	1094	2	27
chr3.100248584.-	0	0	2	0	0
chr3.102114786.-	0	0	9095	49	181
chr3.102176703.-	0	0	114	1	3
chr3.126540039.-	0	0	7	0	0
chr3.183556300.-	0	0	207	31	192
chr3.190597358.-	0	0	8020	854	925
chr3.195906316.-	0	0	5357	302	210
chr3.32785048.-	0	0	2	0	0
chr3.47221165.-	0	0	1229	110	37
chr3.50339096.-	0	0	235	0	0
chr3.55619821.-	0	0	309	13	0
chr3.9493414.-	0	0	1	0	0
chr3.10189301.+	0	0	5216	439	434
chr3.108048483.+	0	0	1	0	0
chr3.108223009.+	0	0	1821	496	467
chr3.112397863.+	0	0	468	221	136
chr3.12194234.+	0	0	947	33	0
chr3.12666853.+	0	0	1	0	0
chr3.127800086.+	0	0	1184	4	0
chr3.141797617.+	0	0	1237	1	2
chr3.172537630.+	0	0	1	0	0
chr3.177681579.+	0	0	20879	628	665
chr3.196620038.+	0	0	491	54	2
chr3.38288960.+	0	0	4	0	0
chr3.49345044.+	0	0	1241	0	4
chr3.49806821.+	0	0	3950	161	19
chr3.49873488.+	0	0	550	9	0
chr3.51503016.+	0	0	2063	283	80
chr3.52476086.+	0	0	1	0	0
chr3.66052701.+	0	0	1	0	0
chr3.90022335.+	0	0	1	0	0
chr4_KI270786v1_alt.205695.+	0	0	3	0	0
chr4.11915326.-	0	0	1	0	0
chr4.120778115.-	0	0	1	0	0
chr4.125678071.-	0	0	2625	38	43
chr4.140720876.-	0	0	274	5	30
chr4.146736330.-	0	0	1	0	0
chr4.154921921.-	0	0	1	0	0
chr4.157991649.-	0	0	8221	583	993
chr4.54876183.-	0	0	1	0	0
chr4.58461541.-	0	0	1	0	0
chr4.66984691.-	0	0	1	0	0
chr4.85898881.-	0	0	1	0	0
chr4.106521352.+	0	0	12	0	0
chr4.112297811.+	0	0	59	15	0
chr4.145814619.+	0	0	1	0	0
chr4.159193170.+	0	0	503	24	64
chr4.180395218.+	0	0	235	0	75
chr4.24278035.+	0	0	2	0	0
chr4.3738598.+	0	0	1	0	0
chr4.47786401.+	0	0	1	0	0
chr4.85118434.+	0	0	1	0	0
chr4.87135262.+	0	0	103	0	25
chr5.132427681.-	0	0	4771	363	367
chr5.135396870.-	0	0	806	0	0
chr5.137571289.-	0	0	2984	29	63
chr5.137694464.-	0	0	3586	135	61
chr5.141604536.-	0	0	2438	59	158
chr5.14202874.-	0	0	1407	55	41
chr5.146318136.-	0	0	1	0	0
chr5.160420421.-	0	0	1807	48	21
chr5.170298184.-	0	0	12	10	50
chr5.177507507.-	0	0	8	35	117
chr5.180091740.-	0	0	382	0	0
chr5.40487665.-	0	0	16876	883	579
chr5.47353019.-	0	0	1	0	0
chr5.57174784.-	0	0	148	20	16
chr5.90207722.-	0	0	1	0	0
chr5.95162340.-	0	0	13260	2017	2661
chr5.131545173.+	0	0	272	146	191
chr5.142293210.+	0	0	5	0	0
chr5.145831433.+	0	0	17	0	0
chr5.168850845.+	0	0	41	60	78
chr5.179752186.+	0	0	6	0	0
chr5.180294156.+	0	0	1	0	0
chr5.77491331.+	0	0	630	101	23
chr6.108806216.-	0	0	1	0	0
chr6.108806226.-	0	0	11578	185	124
chr6.109254226.-	0	0	4729	274	289
chr6.118709657.-	0	0	5125	28	130
chr6.136762014.-	0	0	736	62	14
chr6.15266004.-	0	0	21568	2456	2235
chr6.154918752.-	0	0	1	0	0
chr6.27573619.-	0	0	1	0	0
chr6.293475.-	0	0	7753	416	257
chr6.46275242.-	0	0	2100	286	72
chr6.9095940.-	0	0	1	0	0
chr6.99219699.-	0	0	1	0	0
chr6.104911568.+	0	0	1	0	0
chr6.105809811.+	0	0	175	28	35
chr6.10848390.+	0	0	1	0	0
chr6.109008746.+	0	0	673	116	28
chr6.13527275.+	0	0	2311	53	0
chr6.148823163.+	0	0	23858	848	843
chr6.149687973.+	0	0	1	0	0
chr6.16585650.+	0	0	2811	169	38
chr6.25051035.+	0	0	1330	924	947
chr6.25081295.+	0	0	1	0	0
chr6.26364834.+	0	0	22842	3240	3681
chr6.26364978.+	0	0	1	0	0
chr6.35037524.+	0	0	3369	343	248
chr6.79484275.+	0	0	9	0	0
chr6.85795608.+	0	0	1	0	0
chr6.90285031.+	0	0	1911	191	26
chr7_KI270803v1_alt.819341.+	0	0	1	0	0
chr7.104957878.-	0	0	1	0	0
chr7.12339924.-	0	0	1	0	0
chr7.129268396.-	0	0	2	0	0
chr7.136085749.-	0	0	1	0	0
chr7.150368468.-	0	0	288	4	0
chr7.158865078.-	0	0	2281	342	488
chr7.2728731.-	0	0	542	61	47
chr7.37384639.-	0	0	134	0	0
chr7.38345402.-	0	0	7184	406	940
chr7.5483556.-	0	0	1	0	0
chr7.55574302.-	0	0	1246	0	27
chr7.74547596.-	0	0	8	0	0
chr7.75181180.-	0	0	2	0	0
chr7.92755956.-	0	0	641	88	131
chr7.92760465.-	0	0	8090	254	97
chr7.96808421.-	0	0	1	0	0
chr7.111475895.+	0	0	2137	10	0
chr7.126701061.+	0	0	337	216	63
chr7.130441680.+	0	0	209	118	104
chr7.142796368.+	0	0	3	0	1
chr7.1511953.+	0	0	36	35	31
chr7.21352532.+	0	0	2042	0	3
chr7.26204995.+	0	0	5	0	0
chr7.37409770.+	0	0	2103	174	228
chr7.39683820.+	0	0	9500	484	592
chr7.40509139.+	0	0	1	0	0
chr7.5479803.+	0	0	1270	437	627
chr7.6290640.+	0	0	1	0	0
chr7.73544153.+	0	0	1	0	0
chr8.110895268.-	0	0	1	0	0
chr8.37801301.-	0	0	1	0	0
chr8.58659380.-	0	0	6184	124	82
chr8.58802278.-	0	0	47	160	126
chr8.71492875.-	0	0	1	0	0
chr8.8500621.-	0	0	1	0	0
chr8.127401322.+	0	0	1	0	0
chr8.16604522.+	0	0	3142	225	158
chr8.27251032.+	0	0	1	0	0
chr8.29770156.+	0	0	43	0	0
chr8.59425066.+	0	0	1	0	0
chr9.10684454.-	0	0	1	0	0
chr9.134027493.-	0	0	1	0	0
chr9.36151439.-	0	0	123	45	36
chr9.36488478.-	0	0	90	0	1
chr9.74714657.-	0	0	1	0	0
chr9.897535.-	0	0	1	0	0
chr9.97517986.-	0	0	212	4	0
chr9.99827706.-	0	0	3079	457	162
chr9.129334591.+	0	0	1645	0	0
chr9.133058996.+	0	0	1329	94	11
chr9.33298166.+	0	0	1	0	0
chr9.7840523.+	0	0	1	0	0
chr9.8788481.+	0	0	1	0	0
chr9.97935822.+	0	0	232	45	134
chrUn_KI270304v1.751.+	0	0	1	0	0
chrUn_KI270310v1.691.+	0	0	38	47	27
chrX.118490508.-	0	0	1	0	0
chrX.22022705.-	0	0	1	0	0
chrX.35842372.-	0	0	1461	41	50
chrX.47583540.-	0	0	9225	447	235
chrX.49002979.-	0	0	8	1	34
chrX.109178674.+	0	0	1	0	0
chrX.136196927.+	0	0	36648	1195	1069
chrX.40149934.+	0	0	1197	0	0
chrX.47371360.+	0	0	1	0	0
chrX.78326433.+	0	0	1523	2	0
chr1.153990366.-	0	0	0	49	41
chr1.159014967.-	0	0	0	25	4
chr1.159091936.-	0	0	0	1	0
chr1.161019052.-	0	0	0	49	4
chr1.161184271.-	0	0	0	474	407
chr1.185693810.-	0	0	0	5	0
chr1.198173382.-	0	0	0	56	82
chr1.234103606.-	0	0	0	12	3
chr1.240433806.-	0	0	0	9	0
chr1.27600780.-	0	0	0	579	899
chr1.28292068.-	0	0	0	1126	637
chr1.39205633.-	0	0	0	732	637
chr1.51314243.-	0	0	0	173	149
chr1.84945999.-	0	0	0	39	3
chr1.109791142.+	0	0	0	25	0
chr1.111506481.+	0	0	0	29	0
chr1.150563556.+	0	0	0	83	1564
chr1.156502506.+	0	0	0	21	373
chr1.165871208.+	0	0	0	9	116
chr1.181033130.+	0	0	0	6	0
chr1.201976596.+	0	0	0	2	0
chr1.204288200.+	0	0	0	24	10
chr1.211346388.+	0	0	0	1	0
chr1.225698939.+	0	0	0	9	0
chr1.25029435.+	0	0	0	49	0
chr1.36155480.+	0	0	0	53	2
chr1.40385213.+	0	0	0	102	56
chr1.40387304.+	0	0	0	282	154
chr1.41898172.+	0	0	0	87	98
chr1.66439728.+	0	0	0	18	11
chr1.8878366.+	0	0	0	53	1
chr1.92461425.+	0	0	0	42	61
chr1.97849621.+	0	0	0	36	0
chr1.98398738.+	0	0	0	1	97
chr10.10236727.-	0	0	0	9	0
chr10.110875017.-	0	0	0	20	71
chr10.14649747.-	0	0	0	55	109
chr10.5095501.-	0	0	0	3	4
chr10.62637197.-	0	0	0	11	146
chr10.63219549.+	0	0	0	3	0
chr10.91201079.+	0	0	0	38	154
chr11.112178229.-	0	0	0	32	4
chr11.121445979.-	0	0	0	29	31
chr11.40099246.-	0	0	0	115	97
chr11.60915190.-	0	0	0	15	0
chr11.64206107.-	0	0	0	104	0
chr11.65150200.-	0	0	0	117	0
chr11.67288791.-	0	0	0	3	20
chr11.73148387.-	0	0	0	18	111
chr11.18383607.+	0	0	0	131	94
chr11.2300941.+	0	0	0	4	14
chr11.33935775.+	0	0	0	9	15
chr11.34438027.+	0	0	0	19	100
chr11.59820934.+	0	0	0	51	40
chr11.62639214.+	0	0	0	73	1
chr11.75873398.+	0	0	0	1	0
chr11.95654084.+	0	0	0	13	0
chr12.116560815.-	0	0	0	9	0
chr12.121128855.-	0	0	0	11	0
chr12.180998.-	0	0	0	39	18
chr12.45988341.-	0	0	0	296	102
chr12.49234298.-	0	0	0	41	82
chr12.85617605.-	0	0	0	2	0
chr12.93767937.-	0	0	0	153	31
chr12.121659979.+	0	0	0	7	28
chr12.121801859.+	0	0	0	13	51
chr12.21339396.+	0	0	0	6	0
chr12.24825959.+	0	0	0	146	62
chr12.26749717.+	0	0	0	42	6
chr12.27461992.+	0	0	0	224	146
chr12.49706062.+	0	0	0	116	17
chr12.55926016.+	0	0	0	23	5
chr12.57079264.+	0	0	0	1093	896
chr12.57893701.+	0	0	0	102	34
chr12.69348829.+	0	0	0	4	38
chr13.113185093.-	0	0	0	4	0
chr13.44248960.-	0	0	0	207	139
chr13.46531885.-	0	0	0	46	9
chr13.49692130.+	0	0	0	16	11
chr13.85695060.+	0	0	0	2	0
chr13.86016879.+	0	0	0	1	0
chr14.45132374.-	0	0	0	1	0
chr14.61661527.-	0	0	0	1	37
chr14.68819870.-	0	0	0	8	111
chr14.75068975.-	0	0	0	197	38
chr14.89619489.-	0	0	0	47	43
chr14.100079884.+	0	0	0	75	370
chr14.103120823.+	0	0	0	102	24
chr14.22105062.+	0	0	0	2	0
chr14.23464759.+	0	0	0	33	220
chr14.23530676.+	0	0	0	18	0
chr14.35365671.+	0	0	0	26	409
chr14.49599522.+	0	0	0	72	51
chr14.53109380.+	0	0	0	13	16
chr15.59689679.-	0	0	0	444	393
chr15.63190527.-	0	0	0	44	0
chr15.74385664.-	0	0	0	3	45
chr15.79970503.-	0	0	0	60	0
chr15.98731991.-	0	0	0	48	0
chr15.77761569.+	0	0	0	281	68
chr15.90033989.+	0	0	0	98	64
chr15.98718720.+	0	0	0	130	4
chr16_KI270853v1_alt.1733316.-	0	0	0	3	0
chr16.11241187.-	0	0	0	216	185
chr16.16075427.-	0	0	0	1	1
chr16.3085975.-	0	0	0	1	0
chr16.50667043.-	0	0	0	147	431
chr16.57689234.-	0	0	0	23	0
chr16.60106047.-	0	0	0	7	72
chr16.67244782.-	0	0	0	715	550
chr16.81023854.-	0	0	0	6	0
chr16.30660047.+	0	0	0	10	0
chr16.58859637.+	0	0	0	2	0
chr16.68150390.+	0	0	0	32	0
chr16.70429236.+	0	0	0	96	31
chr16.74667882.+	0	0	0	692	1148
chr16.82137310.+	0	0	0	205	255
chr16.88781009.+	0	0	0	17	5
chr17.19113625.-	0	0	0	1	0
chr17.39660193.-	0	0	0	120	36
chr17.57305573.-	0	0	0	41	0
chr17.57505872.-	0	0	0	1	0
chr17.58334640.-	0	0	0	718	841
chr17.58692399.-	0	0	0	43	3
chr17.76383825.-	0	0	0	3	29
chr17.78735416.-	0	0	0	133	1
chr17.7968429.-	0	0	0	507	1071
chr17.83195910.-	0	0	0	16	14
chr17.8698362.-	0	0	0	97	42
chr17.17406275.+	0	0	0	5	0
chr17.28812063.+	0	0	0	81	108
chr17.48851698.+	0	0	0	40	178
chr17.56832916.+	0	0	0	47	83
chr17.58219682.+	0	0	0	120	31
chr17.64921257.+	0	0	0	1	2
chr17.73290990.+	0	0	0	13	0
chr17.76556920.+	0	0	0	926	1564
chr18.75209932.-	0	0	0	559	959
chr18.13199656.+	0	0	0	6	0
chr18.23863054.+	0	0	0	1	0
chr18.32019377.+	0	0	0	42	0
chr18.47936414.+	0	0	0	6	21
chr19.1206740.-	0	0	0	28	96
chr19.2552321.-	0	0	0	43	0
chr19.3066269.-	0	0	0	11	39
chr19.38685620.-	0	0	0	5	91
chr19.39404745.-	0	0	0	113	0
chr19.58386445.-	0	0	0	5	43
chr19.7522370.-	0	0	0	44	45
chr19.907871.-	0	0	0	122	159
chr19.10285918.+	0	0	0	1	0
chr19.16585271.+	0	0	0	12	0
chr19.18025436.+	0	0	0	61	85
chr19.3134537.+	0	0	0	90	360
chr19.3156643.+	0	0	0	99	47
chr19.39252492.+	0	0	0	11	0
chr19.40416856.+	0	0	0	42	0
chr19.41326988.+	0	0	0	22	0
chr19.44051149.+	0	0	0	1	0
chr19.48322660.+	0	0	0	2	22
chr19.49929399.+	0	0	0	56	147
chr19.703539.+	0	0	0	7	0
chr2.105328441.-	0	0	0	39	4
chr2.137879525.-	0	0	0	13	0
chr2.156430782.-	0	0	0	6	11
chr2.181306513.-	0	0	0	702	971
chr2.201118274.-	0	0	0	383	213
chr2.231643037.-	0	0	0	54	0
chr2.25274152.-	0	0	0	118	70
chr2.42129391.-	0	0	0	92	56
chr2.55009733.-	0	0	0	46	99
chr2.62477910.-	0	0	0	125	236
chr2.64550009.-	0	0	0	15	5
chr2.64671929.-	0	0	0	4	0
chr2.64767368.-	0	0	0	8	0
chr2.135042893.+	0	0	0	1	0
chr2.172281748.+	0	0	0	2	0
chr2.197200832.+	0	0	0	27	0
chr2.202641730.+	0	0	0	29	103
chr2.224402567.+	0	0	0	17	3
chr2.27911893.+	0	0	0	23	38
chr2.42858436.+	0	0	0	13	0
chr2.48236354.+	0	0	0	8	0
chr2.54596034.+	0	0	0	98	54
chr2.68295370.+	0	0	0	37	242
chr2.69643861.+	0	0	0	10	4
chr20.10264264.-	0	0	0	29	40
chr20.59152778.-	0	0	0	8	2
chr20.60049100.-	0	0	0	64	0
chr20.62734615.-	0	0	0	16	88
chr20.23642860.+	0	0	0	26	39
chr20.33000063.+	0	0	0	2	120
chr21.21176120.-	0	0	0	228	277
chr21.29196625.+	0	0	0	117	10
chr21.38752260.+	0	0	0	164	89
chr21.39007890.+	0	0	0	18	26
chr22.27786672.+	0	0	0	5	0
chr22.37275128.+	0	0	0	72	29
chr3.161781732.-	0	0	0	35	18
chr3.31963558.-	0	0	0	1	0
chr3.32402644.-	0	0	0	22	19
chr3.45167147.-	0	0	0	2	48
chr3.45676898.-	0	0	0	30	18
chr3.49341303.-	0	0	0	11	18
chr3.49804325.-	0	0	0	206	62
chr3.57555543.-	0	0	0	37	200
chr3.7206715.-	0	0	0	13	0
chr3.72272160.-	0	0	0	32	8
chr3.72289585.-	0	0	0	136	265
chr3.105418410.+	0	0	0	5	24
chr3.128655616.+	0	0	0	124	14
chr3.128684065.+	0	0	0	149	10
chr3.169158159.+	0	0	0	11	0
chr3.172581662.+	0	0	0	5	57
chr3.177678423.+	0	0	0	30	0
chr3.18209555.+	0	0	0	21	455
chr3.183375606.+	0	0	0	32	21
chr3.18444145.+	0	0	0	40	87
chr3.187927109.+	0	0	0	7	18
chr3.57057942.+	0	0	0	30	50
chr4.106315155.-	0	0	0	47	0
chr4.10703020.-	0	0	0	8	0
chr4.145936285.-	0	0	0	105	0
chr4.184734912.-	0	0	0	91	9
chr4.38772882.-	0	0	0	39	39
chr4.38816516.-	0	0	0	1	0
chr4.70687595.-	0	0	0	1	9
chr4.70994615.-	0	0	0	126	255
chr4.76214595.-	0	0	0	4	61
chr4.10122936.+	0	0	0	160	26
chr4.15764839.+	0	0	0	14	0
chr4.158254124.+	0	0	0	53	0
chr4.16054941.+	0	0	0	35	4
chr4.3305502.+	0	0	0	22	42
chr4.75698093.+	0	0	0	30	55
chr4.76990664.+	0	0	0	39	58
chr4.94345683.+	0	0	0	1	0
chr5.132616468.-	0	0	0	7	4
chr5.173039896.-	0	0	0	225	199
chr5.39077699.-	0	0	0	80	143
chr5.40626541.-	0	0	0	273	138
chr5.88885860.-	0	0	0	10	13
chr5.139272057.+	0	0	0	171	118
chr5.150791376.+	0	0	0	36	103
chr5.159303183.+	0	0	0	113	12
chr5.168854233.+	0	0	0	1	62
chr5.54308989.+	0	0	0	13	0
chr5.76850281.+	0	0	0	116	0
chr5.81852954.+	0	0	0	21	98
chr5.95917162.+	0	0	0	46	9
chr6.13436475.-	0	0	0	15	0
chr6.2990670.-	0	0	0	460	582
chr6.43369995.-	0	0	0	6	7
chr6.56794310.-	0	0	0	3	0
chr6.149127288.+	0	0	0	1	0
chr6.15403297.+	0	0	0	2	0
chr6.15894684.+	0	0	0	1	0
chr6.16236167.+	0	0	0	15	0
chr6.25366931.+	0	0	0	3213	3716
chr6.2793990.+	0	0	0	66	4
chr6.41939038.+	0	0	0	6	2
chr6.63652051.+	0	0	0	18	42
chr6.72623461.+	0	0	0	2	0
chr7.112389217.-	0	0	0	58	0
chr7.116029760.-	0	0	0	148	80
chr7.135148318.-	0	0	0	209	199
chr7.135761368.-	0	0	0	21	0
chr7.140875371.-	0	0	0	258	219
chr7.149601129.-	0	0	0	1	0
chr7.1927729.-	0	0	0	32	0
chr7.20215653.-	0	0	0	89	20
chr7.21897815.-	0	0	0	19	0
chr7.37356231.-	0	0	0	90	37
chr7.38349727.-	0	0	0	2	0
chr7.47670454.-	0	0	0	2	0
chr7.59750065.-	0	0	0	1	0
chr7.82593809.-	0	0	0	46	1
chr7.106866892.+	0	0	0	62	0
chr7.115410784.+	0	0	0	5	20
chr7.116878426.+	0	0	0	279	207
chr7.120992803.+	0	0	0	134	17
chr7.130471933.+	0	0	0	301	90
chr7.135671180.+	0	0	0	13	52
chr7.143259221.+	0	0	0	35	0
chr7.19677160.+	0	0	0	75	684
chr7.21672992.+	0	0	0	18	3
chr7.38350859.+	0	0	0	93	0
chr7.73579500.+	0	0	0	4	0
chr7.82940916.+	0	0	0	1	0
chr8.107486514.-	0	0	0	2	199
chr8.129181701.-	0	0	0	31	0
chr8.85200543.-	0	0	0	218	83
chr8.8873420.-	0	0	0	48	9
chr8.89981878.-	0	0	0	25	0
chr8.107780965.+	0	0	0	49	0
chr8.133060922.+	0	0	0	25	19
chr8.2986119.+	0	0	0	63	0
chr8.79900195.+	0	0	0	5	0
chr9.137628280.-	0	0	0	2	65
chr9.2731548.-	0	0	0	76	7
chr9.3529030.-	0	0	0	52	23
chr9.113668259.+	0	0	0	68	0
chr9.123638122.+	0	0	0	3	0
chr9.129860879.+	0	0	0	169	177
chr9.6954863.+	0	0	0	65	1
chr9.79583510.+	0	0	0	38	0
chr9.97940710.+	0	0	0	173	195
chrX.154739797.-	0	0	0	37	79
chrX.20419388.-	0	0	0	37	17
chrX.23908397.-	0	0	0	4	0
chrX.78654253.-	0	0	0	31	0
chrX.119684944.+	0	0	0	21	238
chrX.136744486.+	0	0	0	93	222
chrX.149516051.+	0	0	0	445	30
chrX.39853636.+	0	0	0	702	1131
chrX.46715032.+	0	0	0	344	727
chrY.12598383.+	0	0	0	30	21
chr1.159011084.-	0	0	0	0	76
chr1.169670592.-	0	0	0	0	5
chr1.172443481.-	0	0	0	0	337
chr1.203306609.-	0	0	0	0	332
chr1.25025821.-	0	0	0	0	24
chr1.31155827.-	0	0	0	0	13
chr1.84691484.-	0	0	0	0	29
chr1.97938386.-	0	0	0	0	4
chr1.108657468.+	0	0	0	0	1164
chr1.115098129.+	0	0	0	0	2
chr1.120779635.+	0	0	0	0	2
chr1.1212611.+	0	0	0	0	75
chr1.174788437.+	0	0	0	0	53
chr1.207862418.+	0	0	0	0	528
chr1.207894599.+	0	0	0	0	9
chr1.246577337.+	0	0	0	0	84
chr1.27870189.+	0	0	0	0	1
chr1.31957475.+	0	0	0	0	1
chr1.41672149.+	0	0	0	0	9
chr1.70752474.+	0	0	0	0	15
chr10.17215711.-	0	0	0	0	45
chr10.48472711.-	0	0	0	0	23
chr10.52754922.-	0	0	0	0	7
chr10.60238245.-	0	0	0	0	289
chr10.61751618.-	0	0	0	0	91
chr10.61835945.-	0	0	0	0	2
chr10.86413498.-	0	0	0	0	11
chr10.932567.-	0	0	0	0	106
chr10.932649.-	0	0	0	0	26
chr10.119405423.+	0	0	0	0	4
chr10.6643362.+	0	0	0	0	79
chr11.107565833.-	0	0	0	0	591
chr11.36410293.-	0	0	0	0	20
chr11.64206261.-	0	0	0	0	2
chr11.47591084.+	0	0	0	0	48
chr11.57406062.+	0	0	0	0	10
chr11.62687228.+	0	0	0	0	89
chr11.8204114.+	0	0	0	0	131
chr12.108700831.-	0	0	0	0	22
chr12.110260533.-	0	0	0	0	2
chr12.54305717.-	0	0	0	0	13
chr12.6377095.-	0	0	0	0	77
chr12.10054469.+	0	0	0	0	136
chr12.110743377.+	0	0	0	0	43
chr12.120539172.+	0	0	0	0	85
chr12.68364370.+	0	0	0	0	30
chr12.68538505.+	0	0	0	0	2
chr12.751596.+	0	0	0	0	65
chr13.24268082.-	0	0	0	0	26
chr13.41007426.-	0	0	0	0	176
chr13.44485233.-	0	0	0	0	49
chr13.49444841.-	0	0	0	0	343
chr13.77768971.-	0	0	0	0	20
chr13.95136147.-	0	0	0	0	14
chr13.102775614.+	0	0	0	0	12
chr13.94458536.+	0	0	0	0	1
chr13.97226319.+	0	0	0	0	9
chr14.22097332.-	0	0	0	0	9
chr14.24673082.-	0	0	0	0	7
chr14.103118681.+	0	0	0	0	3
chr14.22430577.+	0	0	0	0	22
chr14.73755055.+	0	0	0	0	29
chr14.76962428.+	0	0	0	0	365
chr14.92652894.+	0	0	0	0	28
chr15.63842229.-	0	0	0	0	115
chr15.73924858.-	0	0	0	0	758
chr15.40099299.+	0	0	0	0	276
chr15.59686784.+	0	0	0	0	16
chr15.70446609.+	0	0	0	0	14
chr15.75009506.+	0	0	0	0	674
chr15.75626159.+	0	0	0	0	30
chr15.93042280.+	0	0	0	0	4
chr15.94205674.+	0	0	0	0	14
chr16_KI270853v1_alt.1570392.-	0	0	0	0	2
chr16.17377697.-	0	0	0	0	1
chr16.29661580.-	0	0	0	0	1
chr16.56262761.-	0	0	0	0	18
chr16.66368190.-	0	0	0	0	86
chr16.6777298.-	0	0	0	0	1476
chr16.75108571.-	0	0	0	0	1
chr16.85572249.-	0	0	0	0	25
chr16.88793278.-	0	0	0	0	135
chr16.21507085.+	0	0	0	0	2
chr16.29600222.+	0	0	0	0	71
chr16.30122476.+	0	0	0	0	536
chr16.49595935.+	0	0	0	0	2
chr16.80997535.+	0	0	0	0	190
chr16.81798614.+	0	0	0	0	133
chr16.84728863.+	0	0	0	0	9
chr17.19065139.-	0	0	0	0	1
chr17.43170804.-	0	0	0	0	1
chr17.48595881.-	0	0	0	0	341
chr17.57950018.-	0	0	0	0	3
chr17.58339901.-	0	0	0	0	25
chr17.67768220.-	0	0	0	0	3
chr17.69092412.-	0	0	0	0	44
chr17.78262468.-	0	0	0	0	2
chr17.20074280.+	0	0	0	0	2
chr17.28950437.+	0	0	0	0	143
chr17.49747564.+	0	0	0	0	268
chr17.50661612.+	0	0	0	0	91
chr18.25165155.-	0	0	0	0	9
chr18.56328028.-	0	0	0	0	3
chr18.65371989.-	0	0	0	0	2
chr18.63918299.+	0	0	0	0	170
chr19.13103387.-	0	0	0	0	2
chr19.14005316.-	0	0	0	0	59
chr19.17846398.-	0	0	0	0	79
chr19.3339495.-	0	0	0	0	63
chr19.41324160.-	0	0	0	0	1
chr19.41329056.-	0	0	0	0	6
chr19.46939260.-	0	0	0	0	1
chr19.55600864.-	0	0	0	0	72
chr19.7959050.-	0	0	0	0	17
chr19.952780.-	0	0	0	0	10
chr19.10126838.+	0	0	0	0	17
chr19.14783591.+	0	0	0	0	1
chr19.18023315.+	0	0	0	0	49
chr19.3179615.+	0	0	0	0	2
chr19.37779211.+	0	0	0	0	10
chr19.43780159.+	0	0	0	0	2
chr19.6892876.+	0	0	0	0	8
chr2.143478076.-	0	0	0	0	110
chr2.172393607.-	0	0	0	0	176
chr2.232618711.-	0	0	0	0	1
chr2.26245236.-	0	0	0	0	202
chr2.461514.-	0	0	0	0	14
chr2.68715664.-	0	0	0	0	18
chr2.6910704.-	0	0	0	0	3
chr2.85711154.-	0	0	0	0	24
chr2.95043972.-	0	0	0	0	481
chr2.123928975.+	0	0	0	0	8
chr2.131427450.+	0	0	0	0	18
chr2.191630634.+	0	0	0	0	152
chr2.24825430.+	0	0	0	0	147
chr2.26069361.+	0	0	0	0	29
chr2.2685600.+	0	0	0	0	46
chr2.64606282.+	0	0	0	0	3
chr20.32539409.-	0	0	0	0	76
chr20.35743913.-	0	0	0	0	10
chr20.35769005.-	0	0	0	0	200
chr20.37314893.-	0	0	0	0	383
chr20.50381942.-	0	0	0	0	25
chr20.59221629.-	0	0	0	0	43
chr20.31523492.+	0	0	0	0	37
chr20.32777034.+	0	0	0	0	22
chr20.49323407.+	0	0	0	0	1130
chr20.847508.+	0	0	0	0	3
chr21.15136996.-	0	0	0	0	46
chr21.15735408.-	0	0	0	0	88
chr21.15137303.+	0	0	0	0	34
chr21.15356522.+	0	0	0	0	6
chr21.33951283.+	0	0	0	0	61
chr21.38997074.+	0	0	0	0	53
chr21.42235919.+	0	0	0	0	23
chr21.5104629.+	0	0	0	0	1
chr22.25027466.-	0	0	0	0	8
chr22.31491104.-	0	0	0	0	36
chr22.40462918.-	0	0	0	0	10
chr22.37485741.+	0	0	0	0	11
chr22.37633534.+	0	0	0	0	1
chr3.128667222.-	0	0	0	0	40
chr3.157247579.-	0	0	0	0	103
chr3.184534158.-	0	0	0	0	63
chr3.188242401.-	0	0	0	0	1
chr3.188242403.-	0	0	0	0	195
chr3.32457862.-	0	0	0	0	178
chr3.36912968.-	0	0	0	0	56
chr3.49805898.-	0	0	0	0	1
chr3.5499304.-	0	0	0	0	18
chr3.10189106.+	0	0	0	0	52
chr3.124620599.+	0	0	0	0	14
chr3.141560490.+	0	0	0	0	53
chr3.187029397.+	0	0	0	0	1285
chr3.195158093.+	0	0	0	0	3
chr3.45594951.+	0	0	0	0	3
chr3.62834649.+	0	0	0	0	7
chr3.72318375.+	0	0	0	0	2
chr3.87090437.+	0	0	0	0	78
chr4.142446198.-	0	0	0	0	268
chr4.69625942.-	0	0	0	0	2
chr4.88524187.-	0	0	0	0	7
chr4.123258428.+	0	0	0	0	47
chr4.150307364.+	0	0	0	0	5
chr4.176880167.+	0	0	0	0	67
chr4.52726288.+	0	0	0	0	8
chr4.57554510.+	0	0	0	0	1
chr4.83631723.+	0	0	0	0	50
chr4.87218307.+	0	0	0	0	29
chr5.137693839.-	0	0	0	0	12
chr5.137696351.-	0	0	0	0	26
chr5.139388066.-	0	0	0	0	5
chr5.150394905.-	0	0	0	0	1
chr5.39273409.-	0	0	0	0	47
chr5.87113808.-	0	0	0	0	2
chr5.132464953.+	0	0	0	0	10
chr5.172175685.+	0	0	0	0	113
chr5.35479419.+	0	0	0	0	425
chr5.67981475.+	0	0	0	0	167
chr5.95162211.+	0	0	0	0	98
chr6_GL000254v2_alt.1309859.+	0	0	0	0	6
chr6.109189406.-	0	0	0	0	13
chr6.129491029.-	0	0	0	0	339
chr6.159056010.-	0	0	0	0	8
chr6.28384106.-	0	0	0	0	58
chr6.34273117.-	0	0	0	0	12
chr6.35037067.-	0	0	0	0	7
chr6.35046016.-	0	0	0	0	33
chr6.10523847.+	0	0	0	0	5
chr6.109119941.+	0	0	0	0	62
chr6.135309435.+	0	0	0	0	17
chr6.15341246.+	0	0	0	0	2
chr6.154258504.+	0	0	0	0	16
chr6.15750171.+	0	0	0	0	351
chr6.26240122.+	0	0	0	0	360
chr6.27127046.+	0	0	0	0	18
chr6.27839638.+	0	0	0	0	3
chr6.2991322.+	0	0	0	0	14
chr6.34662341.+	0	0	0	0	998
chr6.34671759.+	0	0	0	0	5
chr6.7075122.+	0	0	0	0	128
chr7.2038447.-	0	0	0	0	6
chr7.24908319.-	0	0	0	0	763
chr7.44996165.-	0	0	0	0	11
chr7.71643394.-	0	0	0	0	1
chr7.75092591.-	0	0	0	0	1
chr7.95330139.-	0	0	0	0	128
chr7.130472002.+	0	0	0	0	252
chr7.135979973.+	0	0	0	0	178
chr7.17044791.+	0	0	0	0	187
chr7.33039643.+	0	0	0	0	24
chr7.72058625.+	0	0	0	0	52
chr7.74851545.+	0	0	0	0	1
chr8.21949197.-	0	0	0	0	3
chr8.58857362.-	0	0	0	0	189
chr8.58999020.-	0	0	0	0	84
chr8.124735806.+	0	0	0	0	105
chr8.134162215.+	0	0	0	0	62
chr8.94904617.+	0	0	0	0	3
chr9.114379836.-	0	0	0	0	307
chr9.123030275.-	0	0	0	0	9
chr9.128323614.-	0	0	0	0	20
chr9.129946092.-	0	0	0	0	1
chr9.2022560.-	0	0	0	0	90
chr9.33474751.-	0	0	0	0	16
chr9.35095805.-	0	0	0	0	18
chr9.82790589.-	0	0	0	0	24
chr9.113455250.+	0	0	0	0	23
chr9.136649561.+	0	0	0	0	22
chr9.72991974.+	0	0	0	0	14
chr9.8698233.+	0	0	0	0	16
chrM.4949.+	0	0	0	0	4
chrX.119949804.-	0	0	0	0	2
chrX.149523674.-	0	0	0	0	64
chrX.41621033.-	0	0	0	0	12
chrX.20437368.+	0	0	0	0	64
chrX.23772826.+	0	0	0	0	384
chrX.4712105.+	0	0	0	0	44
chrX.48027176.+	0	0	0	0	1
chrX.65996769.+	0	0	0	0	29
chrX.71107848.+	0	0	0	0	13
chrY.13480645.-	0	0	0	0	9
